187.418,316.138,224.836,319.895,235.582,212.862,198.164,209.105
186.296,317.118,223.76,320.709,234.037,213.632,196.573,210.041
185.174,318.099,222.684,321.524,232.492,214.401,194.982,210.976
182.758,318.55,220.314,321.81,229.654,214.641,192.097,211.382
182.494,323.001,220.096,326.095,228.966,218.882,191.364,215.787
182.323,327.327,219.971,330.255,228.373,222.997,190.724,220.068
180.249,329.524,217.943,332.287,225.876,224.983,188.181,222.22
179.341,333.654,217.082,336.251,224.546,228.903,186.805,226.305
181.572,337.646,219.359,340.078,226.354,232.684,188.567,230.252
184.838,338.496,222.671,340.762,229.197,233.323,191.364,231.057
185.104,339.308,222.983,341.409,229.041,233.925,191.162,231.824
182.486,337.082,220.411,339.017,226.0,231.488,188.075,229.553
185.536,335.936,223.507,337.705,228.628,230.131,190.656,228.362
188.586,334.79,226.604,336.394,231.255,228.774,193.237,227.17
191.636,333.644,229.7,335.082,233.883,227.418,195.819,225.979
194.687,332.498,232.796,333.771,236.51,226.061,198.4,224.788
197.737,331.352,235.893,332.459,239.138,224.704,200.982,223.597
200.787,330.206,238.989,331.147,241.765,223.347,203.563,222.406
203.837,329.06,242.085,329.836,244.393,221.99,206.144,221.215
207.181,329.053,245.475,329.663,247.314,221.773,209.019,221.162
210.525,329.046,248.865,329.49,250.235,221.555,211.894,221.11
213.869,329.038,252.255,329.317,253.156,221.337,214.77,221.058
217.212,329.031,255.645,329.145,256.077,221.119,217.645,221.006
219.162,222.775,219.199,330.846,257.678,330.793,257.641,222.722
220.68,224.544,221.186,332.66,259.711,332.442,259.205,224.326
219.532,227.563,220.506,335.724,259.077,335.341,258.103,227.18
223.837,227.309,225.28,335.516,263.898,334.967,262.455,226.76
228.143,227.056,230.055,335.307,268.718,334.593,266.807,226.341
232.449,226.802,234.83,335.099,273.539,334.219,271.159,225.922
236.755,226.549,239.604,334.89,278.36,333.845,275.51,225.503
241.061,226.295,244.379,334.682,283.181,333.471,279.862,225.084
245.366,226.042,249.153,334.474,288.001,333.097,284.214,224.665
249.672,225.788,253.928,334.265,292.822,332.723,288.566,224.245
253.978,225.534,258.702,334.057,297.643,332.348,292.918,223.826
258.284,225.281,263.477,333.848,302.463,331.974,297.27,223.407
262.589,225.027,268.252,333.64,307.284,331.6,301.622,222.988
273.026,333.431,312.105,331.226,305.974,222.569,266.895,224.774
270.84,227.603,278.828,336.07,317.727,333.264,309.739,224.797
274.784,230.433,284.63,338.708,323.349,335.301,313.503,227.025
277.836,231.119,289.539,339.204,328.079,335.195,316.375,227.11
279.702,233.139,293.263,341.033,331.623,336.423,318.062,228.529
281.569,235.159,296.987,342.862,335.167,337.651,319.748,229.948
283.435,237.179,300.711,344.691,338.711,338.878,321.435,231.366
282.944,237.27,302.078,344.591,339.898,338.177,320.765,230.856
282.454,237.362,303.444,344.492,341.085,337.476,320.094,230.346
281.963,237.453,304.811,344.392,342.272,336.776,319.424,229.836
281.472,237.544,306.178,344.293,343.459,336.075,318.753,229.326
280.981,237.636,307.545,344.193,344.646,335.374,318.083,228.817
280.491,237.727,308.911,344.093,345.833,334.673,317.412,228.307
280.0,237.818,310.278,343.994,347.02,333.972,316.742,227.797
277.734,238.14,309.87,344.124,346.432,333.501,314.296,227.517
275.468,238.461,309.461,344.255,345.844,333.03,311.851,227.237
273.202,238.783,309.053,344.385,345.255,332.56,309.405,226.957
270.936,239.104,308.644,344.516,344.667,332.089,306.959,226.677
268.67,239.425,308.236,344.646,344.079,331.618,304.513,226.397
266.405,239.747,307.828,344.777,343.491,331.147,302.068,226.117
264.139,240.068,307.419,344.907,342.903,330.676,299.622,225.837
261.873,240.39,307.011,345.037,342.314,330.205,297.176,225.558
257.246,241.419,304.241,345.876,339.365,330.443,292.37,225.986
252.619,242.449,301.472,346.715,336.416,330.68,287.563,226.414
247.992,243.479,298.702,347.554,333.467,330.918,282.756,226.843
243.365,244.508,295.932,348.393,330.517,331.155,277.949,227.271
238.737,245.538,293.163,349.231,327.568,331.393,273.142,227.7
234.11,246.568,290.393,350.07,324.619,331.63,268.336,228.128
229.483,247.598,287.624,350.909,321.669,331.868,263.529,228.557
224.856,248.627,284.854,351.748,318.72,332.105,258.722,228.985
282.085,352.586,315.771,332.343,253.915,229.414,220.229,249.657
214.609,248.336,275.362,351.63,309.169,331.747,248.416,228.453
208.988,247.016,268.64,350.674,302.567,331.151,242.916,227.493
203.368,245.695,261.917,349.718,295.965,330.555,237.416,226.532
197.748,244.374,255.195,348.762,289.364,329.959,231.917,225.572
192.127,243.054,248.472,347.805,282.762,329.363,226.417,224.611
186.507,241.733,241.75,346.849,276.16,328.767,220.917,223.651
180.886,240.412,235.027,345.893,269.558,328.171,215.417,222.69
175.266,239.092,228.304,344.937,262.956,327.575,209.918,221.73
169.645,237.771,221.582,343.981,256.355,326.979,204.418,220.769
164.714,236.428,215.548,343.002,250.442,326.361,199.607,219.787
159.782,235.085,209.515,342.024,244.529,325.743,194.796,218.804
154.851,233.742,203.481,341.045,238.616,325.124,189.986,217.821
149.919,232.399,197.447,340.067,232.703,324.506,185.175,216.839
144.988,231.056,191.414,339.088,226.79,323.888,180.364,215.856
140.056,229.714,185.38,338.11,220.877,323.27,175.553,214.873
135.125,228.371,179.346,337.132,214.964,322.652,170.742,213.891
130.193,227.028,173.313,336.153,209.051,322.033,165.932,212.908
125.261,225.685,167.279,335.175,203.139,321.415,161.121,211.925
121.719,225.731,162.634,335.585,198.615,322.186,157.699,212.331
118.176,225.777,157.99,335.996,194.091,322.957,154.277,212.738
114.633,225.823,153.345,336.406,189.567,323.727,150.855,213.144
111.091,225.869,148.7,336.817,185.043,324.498,147.433,213.55
107.548,225.915,144.055,337.227,180.519,325.269,144.011,213.956
139.411,337.638,175.995,326.039,140.589,214.362,104.005,225.961
103.041,221.085,137.736,332.748,174.325,321.382,139.631,209.718
102.077,216.209,136.061,327.859,172.656,316.724,138.673,205.074
99.577,215.833,132.85,327.47,169.452,316.567,136.179,204.93
97.077,215.457,129.639,327.081,166.247,316.409,133.685,204.785
94.577,215.082,126.429,326.692,163.042,316.252,131.191,204.641
92.077,214.706,123.218,326.303,159.837,316.094,128.697,204.497
93.619,213.122,124.049,324.706,160.674,314.728,130.244,203.144
95.16,211.537,124.88,323.109,161.511,313.363,131.792,201.791
96.702,209.953,125.711,321.511,162.348,311.997,133.339,200.439
98.244,208.369,126.541,319.914,163.185,310.631,134.887,199.086
99.786,206.785,127.372,318.316,164.022,309.265,136.435,197.734
101.327,205.201,128.203,316.719,164.859,307.899,137.982,196.381
104.512,203.918,130.677,315.423,167.338,306.835,141.173,195.33
107.696,202.636,133.151,314.127,169.818,305.771,144.363,194.279
110.881,201.353,135.625,312.832,172.298,304.706,147.554,193.228
114.065,200.071,138.099,311.536,174.777,303.642,150.744,192.177
117.25,198.788,140.572,310.24,177.257,302.578,153.935,191.126
120.435,197.505,143.046,308.944,179.737,301.514,157.125,190.075
123.619,196.223,145.52,307.648,182.217,300.449,160.316,189.024
126.804,194.94,147.994,306.353,184.696,299.385,163.506,187.973
129.988,193.658,150.467,305.057,187.176,298.321,166.697,186.922
133.173,192.375,152.941,303.761,189.656,297.257,169.887,185.871
136.357,191.093,155.415,302.465,192.136,296.192,173.078,184.82
139.542,189.81,157.889,301.17,194.615,295.128,176.268,183.769
142.726,188.527,160.363,299.874,197.095,294.064,179.459,182.717
145.911,187.245,162.836,298.578,199.575,293.0,182.649,181.666
150.703,186.605,166.917,297.925,203.662,292.578,187.447,181.258
155.494,185.965,170.998,297.272,207.749,292.157,192.245,180.85
160.286,185.326,175.079,296.619,211.835,291.735,197.042,180.442
179.16,295.966,215.922,291.314,201.84,180.034,165.078,184.686
168.138,183.61,181.485,294.832,218.283,290.426,204.936,179.205
171.199,182.534,183.81,293.697,220.643,289.539,208.033,178.376
174.26,181.458,186.134,292.562,223.004,288.651,211.129,177.547
177.321,180.382,188.459,291.427,225.364,287.764,214.226,176.718
180.381,179.306,190.784,290.293,227.725,286.876,217.322,175.889
183.442,178.23,193.109,289.158,230.085,285.989,220.419,175.06
186.503,177.154,195.433,288.023,232.446,285.101,223.515,174.231
189.564,176.078,197.758,286.888,234.806,284.213,226.612,173.403
192.624,175.002,200.083,285.754,237.167,283.326,229.708,172.574
195.685,173.925,202.408,284.619,239.527,282.438,232.804,171.745
198.746,172.849,204.732,283.484,241.888,281.551,235.901,170.916
200.372,171.489,205.623,282.065,242.814,280.379,237.563,169.803
201.999,170.129,206.514,280.646,243.741,279.207,239.226,168.689
203.626,168.768,207.405,279.227,244.667,278.035,240.888,167.576
205.252,167.408,208.295,277.808,245.593,276.863,242.551,166.463
206.879,166.047,209.186,276.389,246.52,275.691,244.213,165.35
208.506,164.687,210.077,274.97,247.446,274.519,245.875,164.236
210.133,163.327,210.967,273.55,248.373,273.347,247.538,163.123
212.212,162.871,212.311,273.036,249.752,273.08,249.653,162.915
213.654,272.522,251.13,272.813,251.767,162.706,214.291,162.415
214.997,272.007,252.509,272.546,253.882,162.498,216.37,161.96
216.34,271.493,253.888,272.278,255.997,162.289,218.449,161.504
217.683,270.979,255.267,272.011,258.112,162.081,220.528,161.048
219.026,270.464,256.646,271.744,260.227,161.872,222.607,160.593
220.369,269.95,258.024,271.477,262.341,161.664,224.686,160.137
221.712,269.436,259.403,271.21,264.456,161.455,226.765,159.682
223.055,268.921,260.782,270.943,266.571,161.247,228.844,159.226
224.398,268.407,262.161,270.675,268.686,161.038,230.923,158.77
225.741,267.893,263.54,270.408,270.801,160.83,233.002,158.315
227.085,267.378,264.919,270.141,272.915,160.622,235.081,157.859
228.979,266.759,266.81,269.604,275.021,160.283,237.19,157.438
230.873,266.139,268.7,269.067,277.127,159.944,239.3,157.017
232.768,265.52,270.591,268.53,279.232,159.605,241.409,156.595
234.662,264.901,272.482,267.992,281.338,159.266,243.518,156.174
236.557,264.281,274.373,267.455,283.443,158.927,245.627,155.753
238.451,263.662,276.264,266.918,285.549,158.588,247.736,155.332
240.345,263.042,278.155,266.381,287.655,158.25,249.845,154.911
242.24,262.423,280.046,265.844,289.76,157.911,251.954,154.49
244.134,261.803,281.937,265.306,291.866,157.572,254.063,154.069
246.029,261.184,283.828,264.769,293.971,157.233,256.172,153.647
247.923,260.564,285.719,264.232,296.077,156.894,258.281,153.226
249.817,259.945,287.61,263.695,298.183,156.555,260.39,152.805
251.712,259.325,289.501,263.158,300.288,156.217,262.499,152.384
253.606,258.706,291.392,262.621,302.394,155.878,264.608,151.963
255.501,258.086,293.283,262.083,304.499,155.539,266.717,151.542
257.395,257.467,295.174,261.546,306.605,155.2,268.826,151.12
259.289,256.847,297.065,261.009,308.711,154.861,270.935,150.699
261.184,256.228,298.956,260.472,310.816,154.522,273.044,150.278
263.078,255.608,300.847,259.935,312.922,154.184,275.153,149.857
264.972,254.989,302.738,259.398,315.028,153.845,277.262,149.436
266.867,254.369,304.628,258.86,317.133,153.506,279.372,149.015
268.761,253.75,306.519,258.323,319.239,153.167,281.481,148.593
270.656,253.13,308.41,257.786,321.344,152.828,283.59,148.172
272.55,252.511,310.301,257.249,323.45,152.489,285.699,147.751
272.551,251.481,310.239,256.274,323.582,151.452,285.894,146.659
272.553,250.451,310.177,255.299,323.714,150.415,286.089,145.568
272.645,249.766,310.206,254.668,323.937,149.723,286.376,144.82
272.737,249.08,310.235,254.037,324.16,149.03,286.662,144.073
272.829,248.394,310.264,253.406,324.383,148.337,286.948,143.325
272.921,247.709,310.293,252.775,324.606,147.644,287.235,142.578
273.013,247.023,310.321,252.145,324.829,146.952,287.521,141.83
273.105,246.338,310.35,251.514,325.052,146.259,287.807,141.083
273.197,245.652,310.379,250.883,325.275,145.566,288.094,140.335
273.289,244.966,310.408,250.252,325.498,144.873,288.38,139.588
273.382,244.281,310.437,249.621,325.721,144.181,288.666,138.84
273.474,243.595,310.466,248.99,325.944,143.488,288.952,138.093
273.566,242.91,310.495,248.359,326.167,142.795,289.239,137.345
273.508,243.422,310.374,248.926,326.241,143.3,289.375,137.796
273.451,243.934,310.253,249.493,326.314,143.805,289.512,138.246
273.393,244.446,310.132,250.06,326.387,144.311,289.648,138.696
273.335,244.959,310.011,250.627,326.461,144.816,289.785,139.147
273.278,245.471,309.89,251.194,326.534,145.321,289.921,139.597
273.22,245.983,309.769,251.761,326.607,145.826,290.058,140.048
273.163,246.495,309.649,252.328,326.681,146.331,290.195,140.498
273.105,247.008,309.528,252.895,326.754,146.836,290.331,140.948
273.047,247.52,309.407,253.462,326.827,147.341,290.468,141.399
272.99,248.032,309.286,254.029,326.9,147.846,290.604,141.849
272.932,248.544,309.165,254.596,326.974,148.351,290.741,142.299
272.875,249.057,309.044,255.163,327.047,148.857,290.877,142.75
272.817,249.569,308.923,255.73,327.12,149.362,291.014,143.2
272.759,250.081,308.802,256.297,327.194,149.867,291.151,143.65
272.702,250.593,308.682,256.864,327.267,150.372,291.287,144.101
272.644,251.106,308.561,257.431,327.34,150.877,291.424,144.551
272.587,251.618,308.44,257.998,327.413,151.382,291.56,145.002
272.767,253.147,308.392,259.315,326.733,152.086,291.108,145.918
272.947,254.677,308.344,260.632,326.053,152.79,290.656,146.835
273.128,256.206,308.296,261.949,325.372,153.494,290.204,147.751
273.308,257.736,308.248,263.265,324.692,154.198,289.752,148.668
273.489,259.265,308.2,264.582,324.011,154.902,289.3,149.585
273.669,260.794,308.152,265.899,323.331,155.606,288.848,150.501
273.85,262.324,308.104,267.215,322.65,156.31,288.396,151.418
274.03,263.853,308.056,268.532,321.97,157.014,287.944,152.334
274.418,265.042,308.215,269.508,321.497,157.377,287.699,152.91
274.805,266.23,308.374,270.484,321.023,157.74,287.454,153.486
275.193,267.419,308.533,271.46,320.55,158.103,287.209,154.062
275.58,268.607,308.692,272.435,320.076,158.466,286.964,154.637
275.968,269.796,308.851,273.411,319.603,158.829,286.719,155.213
276.355,270.984,309.01,274.387,319.13,159.192,286.475,155.789
276.743,272.173,309.169,275.363,318.656,159.555,286.23,156.364
277.13,273.361,309.328,276.339,318.183,159.918,285.985,156.94
277.518,274.55,309.488,277.314,317.709,160.281,285.74,157.516
276.401,277.516,308.142,280.068,315.732,162.422,283.991,159.869
275.284,280.482,306.797,282.822,313.754,164.562,282.241,162.223
274.168,283.448,305.452,285.575,311.777,166.703,280.492,164.576
273.051,284.415,304.107,286.329,309.799,166.844,278.743,164.93
271.934,285.381,302.762,287.082,307.821,166.985,276.994,165.283
270.817,286.347,301.416,287.836,305.844,167.126,275.244,165.637
269.701,287.313,300.071,288.59,303.866,167.266,273.495,165.99
268.584,288.28,298.726,289.343,301.888,167.407,271.746,166.344
267.467,289.246,297.381,290.097,299.911,167.548,269.997,166.697
266.35,289.435,296.036,290.073,297.933,166.911,268.248,166.273
265.234,289.623,294.69,290.048,295.955,166.274,266.498,165.849
264.117,289.812,293.345,290.024,293.978,165.637,264.749,165.424
263.0,290.0,292.0,290.0,292.0,165.0,263.0,165.0
260.78,290.777,289.863,290.807,289.97,166.398,260.887,166.368
258.56,291.553,287.726,291.613,287.94,167.797,258.774,167.737
256.34,292.33,285.589,292.42,285.91,169.195,256.661,169.105
254.12,293.107,283.451,293.227,283.88,170.593,254.549,170.473
251.9,293.884,281.314,294.033,281.85,171.991,252.436,171.842
249.68,294.66,279.177,294.84,279.82,173.39,250.323,173.21
247.46,295.437,277.04,295.647,277.79,174.788,248.21,174.578
245.24,296.214,274.903,296.453,275.76,176.186,246.097,175.947
243.02,296.991,272.766,297.26,273.73,177.584,243.984,177.315
240.8,297.767,270.628,298.067,271.7,178.983,241.872,178.683
238.723,296.715,268.634,297.045,269.812,178.552,239.902,178.223
236.646,295.664,266.64,296.023,267.925,178.122,237.932,177.763
234.569,294.612,264.645,295.001,266.038,177.692,235.962,177.302
232.492,293.56,262.651,293.979,264.151,177.262,233.992,176.842
230.415,292.508,260.657,292.957,262.264,176.831,232.022,176.382
228.338,291.456,258.663,291.935,260.376,176.401,230.052,175.922
226.261,290.404,256.668,290.914,258.489,175.971,228.082,175.461
223.898,291.638,254.388,292.177,256.316,177.826,225.826,177.287
221.535,292.872,252.108,293.441,254.143,179.682,223.57,179.112
219.172,294.106,249.828,294.705,251.97,181.537,221.315,180.938
216.81,295.34,247.548,295.969,249.798,183.392,219.059,182.763
214.447,296.574,245.268,297.233,247.625,185.248,216.803,184.589
212.084,297.808,242.988,298.497,245.452,187.103,214.548,186.414
209.721,299.041,240.708,299.76,243.279,188.959,212.292,188.24
207.466,298.037,238.523,299.186,242.534,188.88,211.477,187.731
205.21,297.032,236.339,298.611,241.79,188.801,210.661,187.222
202.955,296.027,234.154,298.036,241.045,188.723,209.846,186.714
200.7,295.022,231.969,297.462,240.3,188.644,209.031,186.205
198.444,294.018,229.784,296.887,239.556,188.566,208.216,185.696
196.189,293.013,227.599,296.312,238.811,188.487,207.401,185.188
193.933,292.008,225.415,295.738,238.067,188.409,206.585,184.679
191.678,291.003,223.23,295.163,237.322,188.33,205.77,184.17
189.423,289.998,221.045,294.589,236.577,188.252,204.955,183.661
189.461,289.399,221.175,293.683,235.672,187.768,203.958,183.484
189.5,288.799,221.306,292.777,234.767,187.285,202.961,183.307
189.538,288.199,221.436,291.871,233.862,186.801,201.964,183.129
189.577,287.599,221.566,290.965,232.957,186.318,200.967,182.952
189.615,286.999,221.697,290.059,232.052,185.834,199.97,182.774
189.654,286.399,221.827,289.153,231.146,185.351,198.973,182.597
189.692,285.799,221.957,288.247,230.241,184.868,197.976,182.419
189.731,285.199,222.088,287.341,229.336,184.384,196.979,182.242
189.769,284.599,222.218,286.435,228.431,183.901,195.982,182.065
189.808,283.999,222.348,285.53,227.526,183.417,194.985,181.887
189.846,283.4,222.479,284.624,226.621,182.934,193.988,181.71
189.885,282.8,222.609,283.718,225.715,182.45,192.991,181.532
189.923,282.2,222.739,282.812,224.81,181.967,191.994,181.355
189.962,281.6,222.87,281.906,223.905,181.483,190.997,181.177
190.0,281.0,223.0,281.0,223.0,181.0,190.0,181.0
189.727,281.633,222.941,281.954,223.996,180.783,190.782,180.462
189.453,282.267,222.881,282.909,224.991,180.566,191.563,179.924
189.18,282.9,222.822,283.863,225.987,180.35,192.345,179.387
188.907,283.534,222.763,284.818,226.982,180.133,193.126,178.849
188.634,284.167,222.703,285.772,227.978,179.916,193.908,178.311
188.36,284.801,222.644,286.727,228.973,179.699,194.689,177.773
188.087,285.434,222.585,287.681,229.969,179.483,195.471,177.235
187.814,286.067,222.525,288.636,230.964,179.266,196.253,176.698
186.19,288.276,221.116,291.165,230.61,180.624,195.684,177.735
184.567,290.484,219.707,293.695,230.255,181.982,195.116,178.772
182.944,292.693,218.297,296.224,229.901,183.341,194.547,179.809
181.32,294.901,216.888,298.754,229.546,184.699,193.979,180.846
179.697,297.109,215.478,301.283,229.192,186.057,193.41,181.884
178.074,299.318,214.069,303.813,228.837,187.415,192.842,182.921
176.451,301.526,212.66,306.342,228.483,188.774,192.274,183.958
174.827,303.735,211.25,308.871,228.128,190.132,191.705,184.995
173.204,305.943,209.841,311.401,227.774,191.49,191.137,186.032
171.581,308.152,208.432,313.93,227.419,192.848,190.568,187.07
167.632,308.999,204.565,314.715,223.368,193.168,186.435,187.451
163.683,309.845,200.698,315.5,219.317,193.488,182.302,187.833
159.734,310.692,196.831,316.285,215.266,193.808,178.169,188.215
156.878,311.539,194.056,317.07,212.307,194.127,175.129,188.597
154.022,312.386,191.282,317.855,209.348,194.447,172.089,188.978
151.166,313.233,188.507,318.64,206.39,194.767,169.048,189.36
148.31,314.08,185.733,319.425,203.431,195.087,166.008,189.742
147.519,315.763,183.881,321.012,202.037,195.112,165.674,189.863
146.728,317.446,182.03,322.6,200.643,195.137,165.34,189.984
145.936,319.129,180.179,324.187,199.249,195.162,165.007,190.105
145.145,320.812,178.327,325.774,197.855,195.188,164.673,190.226
142.986,321.483,176.49,326.39,195.698,195.569,162.194,190.662
140.827,322.154,174.653,327.006,193.542,195.951,159.716,191.099
138.667,322.825,172.816,327.622,191.385,196.333,157.237,191.536
136.029,323.496,170.499,328.238,188.75,196.714,154.279,191.972
133.39,324.167,168.183,328.854,186.114,197.096,151.322,192.409
130.752,324.838,165.866,329.47,183.478,197.478,148.364,192.846
129.593,325.509,165.03,330.086,182.322,197.86,146.886,193.282
128.435,326.18,164.193,330.702,181.167,198.241,145.408,193.719
127.276,326.851,163.357,331.318,180.011,198.623,143.93,194.156
126.118,327.521,162.52,331.934,178.855,199.005,142.452,194.592
124.959,328.192,161.684,332.55,177.699,199.387,140.974,195.029
123.8,328.863,160.847,333.166,176.543,199.768,139.496,195.466
122.642,329.534,160.011,333.782,175.388,200.15,138.018,195.903
122.721,330.205,160.412,334.398,175.47,200.532,137.779,196.339
122.801,330.876,160.814,335.014,175.552,200.914,137.539,196.776
122.88,331.547,161.216,335.63,175.635,201.295,137.299,197.213
122.96,332.218,161.617,336.245,175.717,201.677,137.059,197.649
123.039,332.889,162.019,336.861,175.799,202.059,136.819,198.086
123.119,333.56,162.42,337.477,175.881,202.44,136.58,198.523
124.279,333.701,163.637,337.656,177.202,202.633,137.844,198.677
125.44,333.842,164.854,337.835,178.522,202.825,139.108,198.832
126.601,333.983,166.07,338.013,179.842,203.017,140.373,198.987
127.762,334.124,167.287,338.192,181.162,203.209,141.637,199.141
128.923,334.266,168.503,338.371,182.482,203.401,142.901,199.296
130.083,334.407,169.72,338.55,183.802,203.593,144.166,199.45
131.244,334.548,170.937,338.728,185.122,203.785,145.43,199.605
131.537,334.689,171.285,338.907,185.575,203.977,145.826,199.76
131.83,334.831,171.634,339.086,186.027,204.169,146.223,199.914
132.123,334.972,171.983,339.264,186.479,204.361,146.619,200.069
132.416,335.113,172.331,339.443,186.931,204.554,147.015,200.224
132.708,335.254,172.68,339.622,187.383,204.746,147.412,200.378
133.001,335.396,173.028,339.8,187.835,204.938,147.808,200.533
133.294,335.537,173.377,339.979,188.287,205.13,148.204,200.687
133.587,335.678,173.726,340.158,188.739,205.322,148.601,200.842
133.83,336.319,174.024,340.837,189.141,206.014,148.947,201.497
134.072,336.96,174.323,341.515,189.544,206.706,149.293,202.151
134.315,337.602,174.621,342.194,189.946,207.398,149.639,202.806
134.558,338.243,174.92,342.873,190.348,208.09,149.986,203.461
134.801,338.884,175.219,343.551,190.75,208.782,150.332,204.115
135.044,339.525,175.517,344.23,191.152,209.475,150.678,204.77
134.731,339.333,175.26,344.075,190.999,209.333,150.469,204.591
134.418,339.141,175.003,343.921,190.845,209.192,150.26,204.412
134.105,338.949,174.746,343.766,190.692,209.051,150.051,204.234
133.793,338.757,174.489,343.612,190.538,208.91,149.841,204.055
133.48,338.565,174.232,343.457,190.385,208.768,149.632,203.876
133.167,338.373,173.976,343.302,190.231,208.627,149.423,203.698
132.854,338.181,173.719,343.148,190.078,208.486,149.214,203.519
132.542,337.989,173.462,342.993,189.925,208.345,149.005,203.34
132.229,337.796,173.205,342.838,189.771,208.204,148.795,203.162
131.878,338.167,172.829,343.188,189.33,208.583,148.38,203.562
131.527,338.538,172.453,343.537,188.89,208.962,147.964,203.963
131.176,338.909,172.077,343.887,188.449,209.341,147.548,204.363
130.825,339.28,171.701,344.236,188.008,209.72,147.132,204.764
130.474,339.651,171.325,344.585,187.567,210.099,146.717,205.165
130.124,340.022,170.949,344.935,187.126,210.478,146.301,205.565
130.884,340.393,171.684,345.284,187.797,210.857,146.996,205.966
131.644,340.764,172.419,345.634,188.467,211.236,147.692,206.366
132.404,341.135,173.154,345.983,189.137,211.615,148.387,206.767
133.164,341.506,173.89,346.333,189.808,211.994,149.083,207.167
133.925,341.877,174.625,346.682,190.478,212.373,149.778,207.568
134.685,342.248,175.36,347.031,191.148,212.752,150.474,207.969
135.445,342.619,176.095,347.381,191.819,213.131,151.169,208.369
136.205,342.99,176.83,347.73,192.489,213.51,151.864,208.77
136.966,343.361,177.565,348.08,193.159,213.889,152.56,209.17
137.726,343.731,178.3,348.429,193.83,214.269,153.255,209.571
138.486,344.102,179.036,348.778,194.5,214.648,153.951,209.972
139.246,344.473,179.771,349.128,195.17,215.027,154.646,210.372
140.007,344.844,180.506,349.477,195.841,215.406,155.341,210.773
140.767,345.215,181.241,349.827,196.511,215.785,156.037,211.173
141.527,345.586,181.976,350.176,197.181,216.164,156.732,211.574
142.287,345.957,182.711,350.525,197.852,216.543,157.428,211.975
143.047,346.328,183.446,350.875,198.522,216.922,158.123,212.375
143.808,346.699,184.182,351.224,199.192,217.301,158.818,212.776
143.551,346.238,183.957,350.922,199.299,217.854,158.893,213.17
143.293,345.776,183.731,350.619,199.407,218.407,158.969,213.564
143.036,345.315,183.506,350.317,199.514,218.96,159.044,213.958
142.779,344.854,183.281,350.015,199.621,219.513,159.119,214.352
142.522,344.393,183.056,349.712,199.728,220.066,159.194,214.746
142.265,343.931,182.831,349.41,199.835,220.619,159.269,215.14
142.008,343.47,182.606,349.108,199.942,221.172,159.344,215.534
141.751,343.009,182.381,348.805,200.049,221.725,159.419,215.928
141.493,342.547,182.156,348.503,200.157,222.278,159.494,216.322
141.236,342.086,181.931,348.201,200.264,222.831,159.569,216.716
141.322,340.939,182.049,347.212,200.714,222.698,159.987,216.424
141.408,339.792,182.166,346.224,201.164,222.565,160.405,216.133
141.493,338.645,182.284,345.236,201.614,222.432,160.823,215.841
141.579,337.498,182.402,344.248,202.064,222.299,161.241,215.549
141.665,336.351,182.52,343.26,202.514,222.167,161.659,215.258
141.751,335.204,182.638,342.272,202.964,222.034,162.077,214.966
141.836,334.057,182.755,341.284,203.414,221.901,162.495,214.674
141.922,332.91,182.873,340.296,203.864,221.768,162.913,214.383
142.008,331.763,182.991,339.308,204.314,221.636,163.33,214.091
142.093,330.616,183.109,338.32,204.764,221.503,163.748,213.799
142.179,329.469,183.227,337.332,205.214,221.37,164.166,213.508
142.265,328.322,183.344,336.344,205.664,221.237,164.584,213.216
142.351,327.175,183.462,335.356,206.114,221.105,165.002,212.924
142.436,326.028,183.58,334.367,206.564,220.972,165.42,212.633
143.172,326.672,184.425,334.884,207.085,220.928,165.833,212.716
143.908,327.315,185.269,335.401,207.607,220.885,166.246,212.799
144.644,327.959,186.114,335.918,208.129,220.841,166.658,212.882
145.38,328.603,186.959,336.435,208.651,220.797,167.071,212.965
146.116,329.246,187.804,336.951,209.172,220.754,167.484,213.049
146.851,329.89,188.649,337.468,209.694,220.71,167.897,213.132
147.587,330.534,189.493,337.985,210.216,220.666,168.31,213.215
148.323,331.177,190.338,338.502,210.738,220.623,168.722,213.298
149.059,331.821,191.183,339.019,211.259,220.579,169.135,213.381
149.795,332.465,192.028,339.535,211.781,220.535,169.548,213.465
150.53,333.108,192.873,340.052,212.303,220.492,169.961,213.548
151.151,333.918,193.602,340.736,212.709,220.615,170.258,213.798
151.771,334.729,194.331,341.419,213.115,220.738,170.555,214.048
152.391,335.539,195.06,342.103,213.521,220.861,170.852,214.297
153.011,336.349,195.789,342.786,213.927,220.984,171.149,214.547
153.631,337.16,196.518,343.469,214.333,221.107,171.447,214.797
154.252,337.97,197.247,344.153,214.74,221.23,171.744,215.047
156.09,338.537,199.195,344.593,216.364,221.109,173.259,215.053
157.928,339.103,201.142,345.033,217.988,220.989,174.774,215.06
159.766,339.67,203.089,345.473,219.612,220.868,176.289,215.066
161.604,340.237,205.036,345.912,221.236,220.748,177.804,215.072
163.442,340.804,206.983,346.352,222.86,220.627,179.319,215.079
165.281,341.37,208.93,346.792,224.484,220.507,180.834,215.085
167.119,341.937,210.877,347.232,226.108,220.386,182.35,215.091
168.957,342.504,212.824,347.672,227.732,220.266,183.865,215.097
170.795,343.07,214.771,348.112,229.356,220.145,185.38,215.104
172.633,343.637,216.718,348.552,230.98,220.024,186.895,215.11
174.471,344.204,218.666,348.991,232.604,219.904,188.41,215.116
176.309,344.771,220.613,349.431,234.228,219.783,189.925,215.123
178.148,345.337,222.56,349.871,235.852,219.663,191.44,215.129
179.796,344.967,223.677,349.523,237.288,218.867,193.406,214.311
181.444,344.596,224.794,349.174,238.723,218.071,195.373,213.492
183.092,344.225,225.911,348.826,240.158,217.275,197.339,212.674
184.74,343.855,227.029,348.477,241.593,216.479,199.305,211.856
186.389,343.484,228.146,348.129,243.028,215.683,201.271,211.038
188.037,343.113,229.263,347.78,244.463,214.887,203.237,210.22
189.685,342.743,230.38,347.432,245.898,214.091,205.203,209.402
191.333,342.372,231.497,347.083,247.333,213.295,207.169,208.583
192.981,342.001,232.615,346.735,248.768,212.499,209.135,207.765
194.63,341.631,233.732,346.386,250.204,211.703,211.102,206.947
196.278,341.26,234.849,346.038,251.639,210.907,213.068,206.129
197.926,340.889,235.966,345.689,253.074,210.111,215.034,205.311
201.078,341.353,238.861,346.123,255.839,211.647,218.056,206.877
204.229,341.817,241.755,346.558,258.604,213.183,221.078,208.442
207.381,342.281,244.65,346.992,261.369,214.719,224.1,210.008
210.533,342.745,247.544,347.426,264.134,216.255,227.122,211.574
213.584,343.409,250.339,348.06,266.799,217.991,230.044,213.34
216.636,344.073,253.134,348.695,269.464,219.727,232.966,215.105
219.688,344.737,255.928,349.329,272.129,221.463,235.888,216.871
222.739,345.4,258.723,349.963,274.794,223.2,238.811,218.637
225.791,346.064,261.517,350.597,277.459,224.936,241.733,220.403
232.376,344.562,267.845,349.065,283.658,224.505,248.188,220.002
238.961,343.059,274.173,347.532,289.856,224.075,254.643,219.601
245.546,341.556,280.501,346.0,296.054,223.644,261.099,219.2
252.131,340.053,286.829,344.468,302.253,223.213,267.554,218.799
258.716,338.55,293.157,342.935,308.451,222.783,274.01,218.398
265.301,337.048,299.485,341.403,314.649,222.352,280.465,217.997
271.885,335.545,305.813,339.87,320.848,221.922,286.921,217.596
278.47,334.042,312.141,338.338,327.046,221.491,293.376,217.195
285.055,332.539,318.469,336.805,333.245,221.061,299.831,216.795
291.64,331.037,324.796,335.273,339.443,220.63,306.287,216.394
296.425,330.434,329.324,334.641,343.841,221.1,310.942,216.893
301.21,329.831,333.852,334.008,348.24,221.569,315.598,217.392
305.995,329.228,338.38,333.376,352.638,222.038,320.253,217.891
310.78,328.626,342.908,332.743,357.036,222.508,324.909,218.39
315.565,328.023,347.436,332.111,361.435,222.977,329.564,218.889
324.26,329.563,356.418,333.335,369.365,223.562,337.207,219.79
332.955,331.103,365.4,334.558,377.295,224.147,344.85,220.692
341.65,332.643,374.383,335.782,385.225,224.732,352.492,221.593
350.811,332.879,383.832,335.701,393.622,224.012,360.602,221.189
359.973,333.114,393.281,335.62,402.019,223.292,368.711,220.786
369.134,333.349,402.729,335.539,410.416,222.572,376.821,220.382
378.296,333.585,412.178,335.458,418.813,221.852,384.93,219.979
387.457,333.82,421.627,335.377,427.21,221.132,393.039,219.575
394.339,334.935,428.797,336.176,433.327,221.292,398.87,220.051
401.222,336.049,435.967,336.974,439.445,221.451,404.7,220.526
408.104,337.164,443.136,337.772,445.563,221.61,410.53,221.002
435.684,348.292,473.39,340.439,447.854,215.653,410.148,223.507
413.799,222.579,433.957,347.42,471.778,341.204,451.62,216.363
417.449,221.651,432.229,346.547,470.166,341.97,455.387,217.074
421.099,220.724,430.501,345.675,468.554,342.735,459.153,217.784
420.065,218.479,429.672,343.376,467.805,340.374,458.198,215.476
419.031,216.234,428.843,341.077,467.056,338.012,457.243,213.168
417.996,213.989,428.014,338.778,466.306,335.651,456.288,210.861
416.962,211.744,427.185,336.48,465.557,333.289,455.334,208.553
415.928,209.499,426.356,334.181,464.807,330.928,454.379,206.245
412.193,207.253,422.828,331.882,461.358,328.566,450.724,203.937
408.459,205.008,419.299,329.583,457.908,326.205,447.069,201.63
404.725,202.763,415.77,327.285,454.459,323.843,443.414,199.322
412.241,324.986,451.01,321.482,439.759,197.014,400.99,200.518
398.523,197.877,406.991,321.594,446.16,319.178,437.692,195.462
396.055,195.236,401.74,318.202,441.31,316.875,435.625,193.909
393.587,192.595,396.49,314.81,436.46,314.572,433.557,192.357
391.119,189.954,391.24,311.417,431.611,312.268,431.49,190.805
385.99,308.025,426.761,309.965,429.423,189.252,388.652,187.313
380.739,304.633,421.911,307.662,427.356,187.7,386.184,184.672
375.489,301.241,417.062,305.358,425.289,186.148,383.716,182.031
371.657,301.016,414.146,305.484,423.141,185.702,380.652,181.234
367.825,300.79,411.23,305.609,420.993,185.255,377.588,180.436
363.994,300.565,408.314,305.735,418.845,184.809,374.524,179.639
360.162,300.339,405.398,305.86,416.697,184.363,371.46,178.842
355.938,297.709,401.28,304.74,416.513,184.75,371.17,177.719
351.714,295.079,397.162,303.62,416.328,185.137,370.88,176.595
347.489,292.449,393.044,302.501,416.144,185.524,370.589,175.472
343.265,289.818,388.926,301.381,415.96,185.911,370.299,174.349
339.041,287.188,384.808,300.261,415.775,186.298,370.009,173.225
334.817,284.558,380.69,299.141,415.591,186.685,369.718,172.102
330.593,281.928,376.572,298.021,415.407,187.072,369.428,170.979
330.2,280.849,376.45,296.658,414.634,184.94,368.384,169.131
329.806,279.771,376.327,295.295,413.861,182.807,367.339,167.283
329.412,278.693,376.205,293.932,413.088,180.674,366.295,165.435
329.019,277.615,376.083,292.569,412.314,178.541,365.25,163.587
328.625,276.536,375.961,291.206,411.541,176.408,364.206,161.739
329.95,275.779,376.71,289.689,410.478,176.17,363.718,162.259
331.275,275.021,377.459,288.173,409.416,175.932,363.231,162.78
332.6,274.263,378.209,286.657,408.353,175.694,362.744,163.301
333.924,273.506,378.958,285.14,407.29,175.456,362.256,163.821
335.249,272.748,379.707,283.624,406.227,175.218,361.769,164.342
336.574,271.99,380.457,282.107,405.164,174.98,361.281,164.863
337.898,271.233,381.206,280.591,404.102,174.742,360.794,165.383
337.114,270.52,379.735,279.768,402.386,175.459,359.765,166.211
336.329,269.807,378.264,278.944,400.671,176.176,358.736,167.039
335.544,269.094,376.792,278.12,398.956,176.893,357.708,167.867
334.759,268.381,375.321,277.297,397.241,177.61,356.679,168.695
333.975,267.669,373.85,276.473,395.525,178.327,355.65,169.523
333.19,266.956,372.379,275.65,393.81,179.044,354.621,170.35
332.779,268.51,371.816,276.786,392.262,179.273,353.224,170.996
332.368,270.063,371.254,277.923,390.713,179.503,351.827,171.642
331.956,271.617,370.691,279.06,389.165,179.732,350.43,172.288
331.545,273.17,370.128,280.197,387.617,179.961,349.034,172.934
331.134,274.724,369.565,281.334,386.068,180.19,347.637,173.58
330.723,276.278,369.003,282.47,384.52,180.419,346.24,174.227
330.311,277.831,368.44,283.607,382.971,180.649,344.843,174.873
329.9,279.385,367.877,284.744,381.423,180.878,343.446,175.519
329.489,280.938,367.314,285.881,379.875,181.107,342.049,176.165
329.078,282.492,366.752,287.018,378.326,181.336,340.652,176.811
328.667,284.046,366.189,288.154,376.778,181.565,339.256,177.457
328.489,284.664,365.86,288.356,375.463,180.86,338.092,177.168
328.312,285.283,365.531,288.558,374.149,180.154,336.929,176.879
328.134,285.901,365.202,288.76,372.834,179.448,335.766,176.59
327.957,286.52,364.873,288.961,371.519,178.742,334.603,176.301
327.779,287.138,364.544,289.163,370.205,178.036,333.44,176.011
327.602,287.757,364.215,289.365,368.89,177.33,332.277,175.722
327.424,288.376,363.886,289.567,367.576,176.624,331.114,175.433
325.944,287.63,362.49,288.781,366.056,175.77,329.51,174.619
324.463,286.884,361.094,287.995,364.537,174.916,327.906,173.805
322.982,286.138,359.697,287.21,363.018,174.062,326.303,172.99
321.586,286.419,358.386,287.451,361.583,174.234,324.783,173.202
320.19,286.699,357.074,287.692,360.149,174.407,323.264,173.414
318.794,286.98,355.763,287.933,358.714,174.579,321.745,173.626
317.397,287.26,354.451,288.174,357.28,174.751,320.226,173.838
316.001,287.541,353.14,288.414,355.845,174.924,318.707,174.05
314.605,287.822,351.828,288.655,354.411,175.096,317.188,174.262
313.209,288.102,350.517,288.896,352.976,175.268,315.669,174.474
312.198,288.997,349.591,289.751,351.927,176.055,314.535,175.3
311.188,289.892,348.665,290.607,350.879,176.841,313.402,176.127
309.178,290.076,346.739,290.751,348.83,176.917,311.268,176.242
307.167,290.26,344.813,290.895,346.781,176.992,309.135,176.357
305.157,290.443,342.887,291.039,344.732,177.068,307.001,176.472
303.146,290.627,340.962,291.183,342.683,177.143,304.868,176.587
301.136,290.811,339.036,291.327,340.635,177.219,302.735,176.703
300.224,289.441,338.209,289.917,339.685,175.74,301.7,175.264
299.313,288.071,337.382,288.507,338.735,174.262,300.666,173.825
298.401,286.701,336.555,287.098,337.785,172.784,299.631,172.387
297.49,285.331,335.728,285.688,336.835,171.305,298.596,170.948
296.578,283.961,334.901,284.278,335.885,169.827,297.562,169.509
295.667,282.59,334.074,282.868,334.935,168.349,296.527,168.071
294.755,281.22,333.247,281.459,333.985,166.87,295.493,166.632
293.862,282.417,332.439,282.616,333.054,167.958,294.477,167.76
292.97,283.614,331.632,283.772,332.123,169.047,293.462,168.888
292.077,284.81,330.824,284.929,331.193,170.135,292.446,170.016
291.185,286.007,330.016,286.086,330.262,171.223,291.431,171.144
290.292,287.203,329.208,287.243,329.331,172.312,290.415,172.272
293.0,286.0,332.0,286.0,332.0,171.0,293.0,171.0
292.958,286.208,331.75,286.208,331.75,171.5,292.958,171.5
292.917,286.417,331.5,286.417,331.5,172.0,292.917,172.0
292.875,286.625,331.25,286.625,331.25,172.5,292.875,172.5
292.226,284.94,330.393,284.94,330.393,171.107,292.226,171.107
291.577,283.256,329.536,283.256,329.536,169.714,291.577,169.714
290.929,281.571,328.679,281.571,328.679,168.321,290.929,168.321
290.28,279.887,327.821,279.887,327.821,166.929,290.28,166.929
290.793,277.879,328.126,277.879,328.126,165.212,290.793,165.212
291.306,275.871,328.431,275.871,328.431,163.496,291.306,163.496
291.819,273.863,328.735,273.863,328.735,161.779,291.819,161.779
292.332,271.855,329.04,271.855,329.04,160.063,292.332,160.063
293.402,272.231,329.902,272.231,329.902,160.731,293.402,160.731
294.473,272.608,330.765,272.608,330.765,161.399,294.473,161.399
295.544,272.984,331.627,272.984,331.627,162.068,295.544,162.068
296.614,273.361,332.489,273.361,332.489,162.736,296.614,162.736
298.768,272.654,334.435,272.654,334.435,162.321,298.768,162.321
300.922,271.947,336.38,271.947,336.38,161.906,300.922,161.906
303.076,271.241,338.326,271.241,338.326,161.491,303.076,161.491
305.23,270.534,340.272,270.534,340.272,161.076,305.23,161.076
307.384,269.827,342.217,269.827,342.217,160.66,307.384,160.66
309.538,269.12,344.163,269.12,344.163,160.245,309.538,160.245
311.692,268.414,346.109,268.414,346.109,159.83,311.692,159.83
313.846,267.707,348.054,267.707,348.054,159.415,313.846,159.415
316.0,267.0,350.0,267.0,350.0,159.0,316.0,159.0
318.633,159.657,319.705,268.134,353.311,267.887,352.239,159.41
321.267,160.315,323.411,269.269,356.622,268.774,354.478,159.82
323.9,160.972,327.116,270.403,359.933,269.661,356.717,160.23
326.533,161.63,330.821,271.538,363.245,270.548,358.956,160.64
329.166,162.287,334.527,272.672,366.556,271.435,361.195,161.05
330.031,161.595,336.463,272.457,368.098,270.973,361.665,160.111
330.895,160.903,338.399,272.242,369.64,270.51,362.135,159.171
331.759,160.211,340.335,272.027,371.181,270.048,362.605,158.232
332.623,159.519,342.271,271.812,372.723,269.585,363.075,157.293
333.487,158.827,344.207,271.597,374.265,269.123,363.545,156.353
334.351,158.135,346.144,271.382,375.807,268.66,364.015,155.414
335.215,157.443,348.08,271.167,377.349,268.198,364.484,154.474
333.912,154.275,347.849,268.475,376.724,265.259,362.788,151.059
332.61,151.107,347.619,265.784,376.1,262.32,361.091,147.643
331.307,147.939,347.388,263.093,375.475,259.382,359.394,144.228
330.005,144.771,347.158,260.402,374.85,256.443,357.697,140.812
328.702,141.602,346.927,257.71,374.225,253.505,356.0,137.397
346.696,255.019,373.601,250.566,354.304,133.981,327.399,138.434
326.74,137.143,344.039,252.23,371.538,248.412,354.239,133.326
326.08,135.852,341.382,249.44,369.475,246.259,354.173,132.671
325.421,134.562,338.725,246.651,367.412,244.105,354.108,132.016
324.761,133.271,336.068,243.861,365.35,241.952,354.043,131.361
325.709,134.873,335.018,243.965,364.894,242.691,355.586,133.599
326.657,136.475,333.968,244.068,364.439,243.43,357.128,135.837
327.604,138.077,332.918,244.172,363.983,244.169,358.67,138.074
328.552,139.679,331.867,244.275,363.527,244.909,360.212,140.312
329.5,141.281,330.817,244.379,363.072,245.648,361.754,142.55
329.767,244.482,362.616,246.387,363.296,144.788,330.447,142.883
328.717,244.585,362.161,247.126,364.838,147.026,331.395,144.485
327.667,244.689,361.705,247.866,366.38,149.264,332.343,146.087
326.617,244.792,361.249,248.605,367.922,151.501,333.29,147.689
325.567,244.896,360.794,249.344,369.465,153.739,334.238,149.291
324.517,244.999,360.338,250.084,371.007,155.977,335.186,150.893
323.467,245.103,359.883,250.823,372.549,158.215,336.133,152.495
322.417,245.206,359.427,251.562,374.091,160.453,337.081,154.097
321.367,245.309,358.972,252.301,375.633,162.691,338.028,155.699
323.071,248.756,360.563,254.738,374.346,163.535,336.854,157.554
324.775,252.203,362.154,257.175,373.058,164.38,335.68,159.409
326.48,255.65,363.745,259.611,371.77,165.225,334.505,161.264
328.184,259.097,365.336,262.048,370.483,166.07,333.331,163.119
329.888,262.543,366.927,264.485,369.195,166.915,332.157,164.974
330.982,166.829,331.592,265.99,368.518,266.921,367.908,167.76
329.808,168.684,333.296,269.437,370.109,269.358,366.62,168.605
335.001,272.884,371.7,271.795,365.333,169.449,328.634,170.539
329.178,172.712,336.028,275.913,372.322,274.663,365.472,171.462
329.722,174.886,337.054,278.943,372.944,277.531,365.612,173.474
330.266,177.059,338.081,281.972,373.567,280.399,365.752,175.486
330.811,179.233,339.108,285.002,374.189,283.267,365.892,177.498
331.355,181.406,340.135,288.031,374.812,286.135,366.032,179.51
331.899,183.58,341.162,291.061,375.434,289.003,366.172,181.523
332.443,185.753,342.189,294.09,376.057,291.872,366.311,183.535
332.987,187.927,343.215,297.12,376.679,294.74,366.451,185.547
333.532,190.1,344.242,300.149,377.302,297.608,366.591,187.559
334.076,192.274,345.269,303.179,377.924,300.476,366.731,189.571
334.62,194.447,346.296,306.208,378.547,303.344,366.871,191.584
335.164,196.621,347.323,309.237,379.169,306.212,367.011,193.596
335.708,198.794,348.35,312.267,379.792,309.081,367.15,195.608
336.252,200.968,349.376,315.296,380.414,311.949,367.29,197.62
336.797,203.142,350.403,318.326,381.037,314.817,367.43,199.632
351.43,321.355,381.659,317.685,367.57,201.645,337.341,205.315
337.827,206.01,351.329,322.174,381.465,318.656,367.963,202.493
338.312,206.705,351.228,322.992,381.271,319.628,368.356,203.341
338.798,207.401,351.126,323.811,381.077,320.599,368.749,204.189
339.284,208.096,351.025,324.629,380.883,321.571,369.142,205.037
339.77,208.791,350.924,325.448,380.689,322.542,369.534,205.885
340.256,209.486,350.823,326.266,380.494,323.514,369.927,206.734
340.741,210.181,350.721,327.085,380.3,324.485,370.32,207.582
341.394,209.965,350.787,326.992,380.273,324.545,370.88,207.518
342.046,209.748,350.852,326.899,380.245,324.605,371.439,207.454
342.699,209.532,350.918,326.805,380.218,324.664,371.999,207.391
343.351,209.315,350.983,326.712,380.19,324.724,372.559,207.327
344.004,209.099,351.048,326.619,380.163,324.784,373.118,207.264
344.656,208.882,351.114,326.526,380.135,324.843,373.678,207.2
345.309,208.666,351.179,326.432,380.108,324.903,374.237,207.136
345.961,208.449,351.245,326.339,380.081,324.963,374.797,207.073
346.614,208.232,351.31,326.246,380.053,325.022,375.357,207.009
347.266,208.016,351.375,326.153,380.026,325.082,375.916,206.945
347.919,207.799,351.441,326.059,379.998,325.142,376.476,206.882
348.571,207.583,351.506,325.966,379.971,325.202,377.035,206.818
348.657,205.666,351.005,324.173,379.377,323.561,377.028,205.055
348.743,203.75,350.504,322.38,378.782,321.921,377.021,203.291
348.828,201.833,350.003,320.586,378.188,320.281,377.014,201.527
348.914,199.917,349.501,318.793,377.594,318.64,377.007,199.764
349.0,317.0,377.0,317.0,377.0,198.0,349.0,198.0
348.333,316.583,377.0,316.583,377.0,198.083,348.333,198.083
347.667,316.167,377.0,316.167,377.0,198.167,347.667,198.167
347.0,315.75,377.0,315.75,377.0,198.25,347.0,198.25
346.333,315.333,377.0,315.333,377.0,198.333,346.333,198.333
345.667,314.917,377.0,314.917,377.0,198.417,345.667,198.417
345.0,314.5,377.0,314.5,377.0,198.5,345.0,198.5
344.333,314.083,377.0,314.083,377.0,198.583,344.333,198.583
343.667,313.667,377.0,313.667,377.0,198.667,343.667,198.667
343.0,313.25,377.0,313.25,377.0,198.75,343.0,198.75
342.333,312.833,377.0,312.833,377.0,198.833,342.333,198.833
341.667,312.417,377.0,312.417,377.0,198.917,341.667,198.917
341.0,312.0,377.0,312.0,377.0,199.0,341.0,199.0
340.333,199.877,341.479,312.334,377.354,311.966,376.208,199.509
339.666,200.754,341.959,312.668,377.708,311.933,375.415,200.018
338.999,201.631,342.438,313.003,378.062,311.899,374.623,200.528
338.332,202.509,342.917,313.337,378.416,311.865,373.83,201.037
337.664,203.386,343.397,313.671,378.77,311.831,373.038,201.546
336.997,204.263,343.876,314.005,379.124,311.798,372.245,202.055
336.33,205.14,344.355,314.34,379.478,311.764,371.453,202.564
335.663,206.017,344.834,314.674,379.832,311.73,370.661,203.074
334.996,206.894,345.314,315.008,380.186,311.697,369.868,203.583
334.329,207.771,345.793,315.342,380.54,311.663,369.076,204.092
346.272,315.677,380.894,311.629,368.283,204.601,333.662,208.648
334.429,207.121,343.161,313.05,377.476,310.26,368.744,204.331
335.196,205.593,340.05,310.424,374.058,308.891,369.204,204.06
335.963,204.066,336.939,307.797,370.64,307.521,369.664,203.79
333.827,305.171,367.223,306.152,370.125,203.519,336.73,202.538
330.716,302.545,363.805,304.783,370.585,203.249,337.497,201.011
327.605,299.918,360.387,303.414,371.046,202.979,338.264,199.483
324.494,297.292,356.969,302.044,371.506,202.708,339.031,197.956
321.506,294.462,355.234,298.068,366.244,199.538,332.516,195.932
318.518,291.633,353.498,294.093,360.982,196.367,326.002,193.907
315.531,288.803,351.763,290.117,355.719,193.197,319.487,191.883
312.543,285.973,350.028,286.141,350.457,190.027,312.972,189.859
