243.05,165.16,358.95,165.16,358.95,277.84,243.05,277.84
239.32,279.94,361.51,282.28,363.68,169.06,241.49,166.72
229.81,284.02,356.72,289.26,361.19,180.98,234.28,175.74
206.96,297.58,337.59,305.81,344.04,203.42,213.41,195.19
214.07,313.11,326.42,313.67,326.93,209.88,214.58,209.33
212.69,309.09,338.46,308.91,338.31,203.91,212.54,204.09
220.0,200.0,327.0,200.0,327.0,296.0,220.0,296.0
218.0,201.0,327.0,201.0,327.0,295.0,218.0,295.0
186.0,306.36,305.86,307.72,307.0,207.64,187.14,206.28
147.0,261.0,256.0,261.0,256.0,344.0,147.0,344.0
236.0,259.0,338.0,259.0,338.0,348.0,236.0,348.0
250.0,224.0,354.0,224.0,354.0,318.0,250.0,318.0
226.0,211.0,338.0,211.0,338.0,306.0,226.0,306.0
218.38,304.74,328.01,305.39,328.62,202.26,218.99,201.61
209.0,204.0,315.0,204.0,315.0,300.0,209.0,300.0
195.0,213.0,303.0,213.0,303.0,309.0,195.0,309.0
194.0,221.0,303.0,221.0,303.0,316.0,194.0,316.0
201.65,308.45,319.18,307.37,318.35,216.55,200.82,217.63
224.0,189.0,330.0,189.0,330.0,283.0,224.0,283.0
219.0,153.0,326.0,153.0,326.0,246.0,219.0,246.0
198.0,146.0,307.0,146.0,307.0,240.0,198.0,240.0
204.0,164.0,312.0,164.0,312.0,253.0,204.0,253.0
237.0,204.0,343.0,204.0,343.0,288.0,237.0,288.0
266.0,237.0,372.0,237.0,372.0,326.0,266.0,326.0
275.0,245.0,383.0,245.0,383.0,335.0,275.0,335.0
259.0,246.0,373.0,246.0,373.0,342.0,259.0,342.0
246.0,252.0,353.0,252.0,353.0,344.0,246.0,344.0
241.0,252.0,349.0,252.0,349.0,347.0,241.0,347.0
234.0,246.0,342.0,246.0,342.0,335.0,234.0,335.0
230.0,231.0,335.0,231.0,335.0,322.0,230.0,322.0
228.0,221.0,336.0,221.0,336.0,315.0,228.0,315.0
234.0,213.0,344.0,213.0,344.0,304.0,234.0,304.0
244.0,202.0,355.0,202.0,355.0,292.0,244.0,292.0
241.0,181.0,351.0,181.0,351.0,272.0,241.0,272.0
231.0,160.0,335.0,160.0,335.0,249.0,231.0,249.0
224.0,138.0,331.0,138.0,331.0,227.0,224.0,227.0
231.0,124.0,339.0,124.0,339.0,217.0,231.0,217.0
248.0,134.0,357.0,134.0,357.0,223.0,248.0,223.0
257.0,135.0,364.0,135.0,364.0,229.0,257.0,229.0
258.0,142.0,368.0,142.0,368.0,236.0,258.0,236.0
267.0,183.0,376.0,183.0,376.0,270.0,267.0,270.0
270.0,224.0,377.0,224.0,377.0,314.0,270.0,314.0
275.0,235.0,382.0,235.0,382.0,329.0,275.0,329.0
280.0,241.0,386.0,241.0,386.0,336.0,280.0,336.0
273.0,239.0,382.0,239.0,382.0,331.0,273.0,331.0
266.0,227.0,374.0,227.0,374.0,318.0,266.0,318.0
266.0,219.0,374.0,219.0,374.0,311.0,266.0,311.0
272.0,205.0,379.0,205.0,379.0,295.0,272.0,295.0
274.0,160.0,378.0,160.0,378.0,266.0,274.0,266.0
274.0,160.0,381.0,160.0,381.0,259.0,274.0,259.0
275.0,182.0,382.0,182.0,382.0,279.0,275.0,279.0
271.0,184.0,376.0,184.0,376.0,280.0,271.0,280.0
269.0,181.0,376.0,181.0,376.0,277.0,269.0,277.0
272.0,180.0,379.0,180.0,379.0,279.0,272.0,279.0
278.0,185.0,385.0,185.0,385.0,281.0,278.0,281.0
286.0,198.0,394.0,198.0,394.0,290.0,286.0,290.0
285.0,213.0,394.0,213.0,394.0,306.0,285.0,306.0
262.0,213.0,368.0,213.0,368.0,305.0,262.0,305.0
226.0,211.0,335.0,211.0,335.0,306.0,226.0,306.0
204.0,207.0,310.0,207.0,310.0,302.0,204.0,302.0
207.0,209.0,315.0,209.0,315.0,301.0,207.0,301.0
232.0,210.0,345.0,210.0,345.0,301.0,232.0,301.0
272.0,215.0,385.0,215.0,385.0,305.0,272.0,305.0
307.0,216.0,424.0,216.0,424.0,310.0,307.0,310.0
338.0,222.0,443.0,222.0,443.0,316.0,338.0,316.0
331.0,222.0,438.0,222.0,438.0,317.0,331.0,317.0
319.0,213.0,430.0,213.0,430.0,308.0,319.0,308.0
296.0,197.0,409.0,197.0,409.0,288.0,296.0,288.0
263.0,165.0,375.0,165.0,375.0,264.0,263.0,264.0
245.0,160.0,353.0,160.0,353.0,256.0,245.0,256.0
244.0,173.0,352.0,173.0,352.0,265.0,244.0,265.0
254.0,190.0,359.0,190.0,359.0,281.0,254.0,281.0
260.0,207.0,366.0,207.0,366.0,295.0,260.0,295.0
270.0,220.0,383.0,220.0,383.0,306.0,270.0,306.0
298.0,228.0,409.0,228.0,409.0,317.0,298.0,317.0
313.0,234.0,421.0,234.0,421.0,329.0,313.0,329.0
309.0,246.0,416.0,246.0,416.0,337.0,309.0,337.0
302.0,252.0,407.0,252.0,407.0,348.0,302.0,348.0
291.0,250.0,396.0,250.0,396.0,342.0,291.0,342.0
270.0,240.0,371.0,240.0,371.0,330.0,270.0,330.0
231.0,232.0,338.0,232.0,338.0,321.0,231.0,321.0
218.0,230.0,325.0,230.0,325.0,324.0,218.0,324.0
215.0,236.0,319.0,236.0,319.0,331.0,215.0,331.0
221.0,235.0,329.0,235.0,329.0,327.0,221.0,327.0
240.0,222.0,351.0,222.0,351.0,310.0,240.0,310.0
258.0,193.0,362.0,193.0,362.0,280.0,258.0,280.0
270.0,164.0,377.0,164.0,377.0,250.0,270.0,250.0
298.0,143.0,416.0,143.0,416.0,236.0,298.0,236.0
325.0,146.0,428.0,146.0,428.0,240.0,325.0,240.0
333.0,164.0,440.0,164.0,440.0,251.0,333.0,251.0
328.0,178.0,437.0,178.0,437.0,266.0,328.0,266.0
317.0,187.0,425.0,187.0,425.0,279.0,317.0,279.0
296.0,203.0,405.0,203.0,405.0,287.0,296.0,287.0
272.0,222.0,376.0,222.0,376.0,303.0,272.0,303.0
252.0,232.0,360.0,232.0,360.0,322.0,252.0,322.0
236.0,230.0,347.0,230.0,347.0,320.0,236.0,320.0
226.0,222.0,332.0,222.0,332.0,310.0,226.0,310.0
215.0,210.0,322.0,210.0,322.0,302.0,215.0,302.0
208.0,210.0,317.0,210.0,317.0,299.0,208.0,299.0
218.0,205.0,327.0,205.0,327.0,289.0,218.0,289.0
237.0,190.0,344.0,190.0,344.0,270.0,237.0,270.0
252.0,172.0,356.0,172.0,356.0,263.0,252.0,263.0
263.0,179.0,370.0,179.0,370.0,266.0,263.0,266.0
281.0,198.0,383.0,198.0,383.0,283.0,281.0,283.0
304.0,226.0,406.0,226.0,406.0,308.0,304.0,308.0
310.0,224.0,417.0,224.0,417.0,317.0,310.0,317.0
300.0,210.0,407.0,210.0,407.0,298.0,300.0,298.0
265.0,189.0,373.0,189.0,373.0,282.0,265.0,282.0
220.0,193.0,321.0,193.0,321.0,289.0,220.0,289.0
182.0,217.0,288.0,217.0,288.0,304.0,182.0,304.0
173.0,235.0,275.0,235.0,275.0,328.0,173.0,328.0
169.0,240.0,273.0,240.0,273.0,335.0,169.0,335.0
181.0,227.0,291.0,227.0,291.0,314.0,181.0,314.0
201.0,204.0,305.0,204.0,305.0,294.0,201.0,294.0
230.0,176.0,336.0,176.0,336.0,271.0,230.0,271.0
243.0,178.0,343.0,178.0,343.0,273.0,243.0,273.0
236.0,198.0,339.0,198.0,339.0,291.0,236.0,291.0
231.0,208.0,334.0,208.0,334.0,303.0,231.0,303.0
230.0,207.0,332.0,207.0,332.0,302.0,230.0,302.0
233.0,198.0,341.0,198.0,341.0,291.0,233.0,291.0
248.0,195.0,349.0,195.0,349.0,295.0,248.0,295.0
242.0,209.0,346.0,209.0,346.0,302.0,242.0,302.0
229.0,222.0,332.0,222.0,332.0,319.0,229.0,319.0
214.0,227.0,320.0,227.0,320.0,320.0,214.0,320.0
206.0,216.0,313.0,216.0,313.0,305.0,206.0,305.0
202.0,194.0,308.0,194.0,308.0,290.0,202.0,290.0
200.0,190.0,303.0,190.0,303.0,288.0,200.0,288.0
202.0,207.0,309.0,207.0,309.0,298.0,202.0,298.0
211.0,232.0,318.0,232.0,318.0,324.0,211.0,324.0
212.0,255.0,319.0,255.0,319.0,350.0,212.0,350.0
204.0,256.0,311.0,256.0,311.0,345.0,204.0,345.0
205.0,230.0,310.0,230.0,310.0,318.0,205.0,318.0
204.0,206.0,312.0,206.0,312.0,298.0,204.0,298.0
194.0,184.0,305.0,184.0,305.0,278.0,194.0,278.0
175.0,170.0,280.0,170.0,280.0,271.0,175.0,271.0
164.0,183.0,272.0,183.0,272.0,283.0,164.0,283.0
174.0,198.0,279.0,198.0,279.0,293.0,174.0,293.0
187.0,202.0,293.0,202.0,293.0,300.0,187.0,300.0
203.0,204.0,312.0,204.0,312.0,299.0,203.0,299.0
225.0,210.0,337.0,210.0,337.0,307.0,225.0,307.0
250.0,224.0,363.0,224.0,363.0,323.0,250.0,323.0
277.0,237.0,390.0,237.0,390.0,333.0,277.0,333.0
302.0,244.0,405.0,244.0,405.0,341.0,302.0,341.0
285.0,237.0,399.0,237.0,399.0,333.0,285.0,333.0
244.0,227.0,359.0,227.0,359.0,322.0,244.0,322.0
203.0,218.0,314.0,218.0,314.0,314.0,203.0,314.0
170.0,214.0,282.0,214.0,282.0,312.0,170.0,312.0
138.0,219.0,243.0,219.0,243.0,318.0,138.0,318.0
108.0,225.0,212.0,225.0,212.0,321.0,108.0,321.0
112.0,215.0,217.0,215.0,217.0,312.0,112.0,312.0
162.0,202.0,276.0,202.0,276.0,297.0,162.0,297.0
217.0,192.0,331.0,192.0,331.0,288.0,217.0,288.0
233.0,188.0,336.0,188.0,336.0,286.0,233.0,286.0
230.0,187.0,339.0,187.0,339.0,289.0,230.0,289.0
235.0,195.0,346.0,195.0,346.0,293.0,235.0,293.0
241.0,209.0,353.0,209.0,353.0,308.0,241.0,308.0
226.0,217.0,338.0,217.0,338.0,312.0,226.0,312.0
201.0,220.0,306.0,220.0,306.0,313.0,201.0,313.0
173.0,225.0,278.0,225.0,278.0,321.0,173.0,321.0
175.0,226.0,281.0,226.0,281.0,321.0,175.0,321.0
208.0,221.0,313.0,221.0,313.0,315.0,208.0,315.0
259.0,215.0,378.0,215.0,378.0,309.0,259.0,309.0
283.0,217.0,383.0,217.0,383.0,313.0,283.0,313.0
276.0,216.0,379.0,216.0,379.0,311.0,276.0,311.0
259.0,206.0,371.0,206.0,371.0,302.0,259.0,302.0
255.0,198.0,363.0,198.0,363.0,295.0,255.0,295.0
248.0,196.0,358.0,196.0,358.0,286.0,248.0,286.0
252.0,185.0,363.0,185.0,363.0,283.0,252.0,283.0
268.0,195.0,383.0,195.0,383.0,287.0,268.0,287.0
279.0,208.0,387.0,208.0,387.0,298.0,279.0,298.0
266.0,207.0,377.0,207.0,377.0,301.0,266.0,301.0
238.0,214.0,356.0,214.0,356.0,303.0,238.0,303.0
205.0,238.0,313.0,238.0,313.0,328.0,205.0,328.0
188.0,251.0,296.0,251.0,296.0,344.0,188.0,344.0
175.0,249.0,285.0,249.0,285.0,346.0,175.0,346.0
182.0,249.0,287.0,249.0,287.0,340.0,182.0,340.0
203.0,243.0,315.0,243.0,315.0,338.0,203.0,338.0
213.0,240.0,322.0,240.0,322.0,332.0,213.0,332.0
194.0,236.0,308.0,236.0,308.0,329.0,194.0,329.0
176.0,234.0,287.0,234.0,287.0,325.0,176.0,325.0
173.0,223.0,280.0,223.0,280.0,319.0,173.0,319.0
188.0,222.0,300.0,222.0,300.0,313.0,188.0,313.0
232.0,217.0,344.0,217.0,344.0,309.0,232.0,309.0
286.0,202.0,390.0,202.0,390.0,296.0,286.0,296.0
279.0,200.0,388.0,200.0,388.0,292.0,279.0,292.0
248.0,194.0,361.0,194.0,361.0,284.0,248.0,284.0
210.0,188.0,320.0,188.0,320.0,279.0,210.0,279.0
197.0,184.0,311.0,184.0,311.0,277.0,197.0,277.0
181.0,188.0,285.0,188.0,285.0,279.0,181.0,279.0
171.0,188.0,274.0,188.0,274.0,284.0,171.0,284.0
176.0,193.0,283.0,193.0,283.0,287.0,176.0,287.0
207.0,193.0,311.0,193.0,311.0,286.0,207.0,286.0
266.0,198.0,380.0,198.0,380.0,289.0,266.0,289.0
296.0,197.0,404.0,197.0,404.0,287.0,296.0,287.0
295.0,192.0,401.0,192.0,401.0,286.0,295.0,286.0
277.0,198.0,388.0,198.0,388.0,287.0,277.0,287.0
259.0,200.0,365.0,200.0,365.0,292.0,259.0,292.0
235.0,214.0,347.0,214.0,347.0,303.0,235.0,303.0
215.0,216.0,327.0,216.0,327.0,309.0,215.0,309.0
177.0,202.0,282.0,202.0,282.0,295.0,177.0,295.0
147.0,189.0,250.0,189.0,250.0,284.0,147.0,284.0
143.0,187.0,251.0,187.0,251.0,283.0,143.0,283.0
165.0,191.0,269.0,191.0,269.0,283.0,165.0,283.0
194.0,194.0,299.0,194.0,299.0,287.0,194.0,287.0
197.0,198.0,305.0,198.0,305.0,291.0,197.0,291.0
196.0,189.0,298.0,189.0,298.0,284.0,196.0,284.0
202.0,182.0,303.0,182.0,303.0,275.0,202.0,275.0
212.0,174.0,315.0,174.0,315.0,265.0,212.0,265.0
219.0,174.0,326.0,174.0,326.0,267.0,219.0,267.0
222.0,183.0,327.0,183.0,327.0,278.0,222.0,278.0
214.0,197.0,317.0,197.0,317.0,287.0,214.0,287.0
209.0,214.0,313.0,214.0,313.0,300.0,209.0,300.0
213.0,238.0,321.0,238.0,321.0,323.0,213.0,323.0
229.0,251.0,331.0,251.0,331.0,342.0,229.0,342.0
212.0,252.0,325.0,252.0,325.0,343.0,212.0,343.0
197.0,245.0,298.0,245.0,298.0,333.0,197.0,333.0
187.0,216.0,293.0,216.0,293.0,302.0,187.0,302.0
188.0,174.0,289.0,174.0,289.0,266.0,188.0,266.0
194.0,158.0,297.0,158.0,297.0,252.0,194.0,252.0
208.0,161.0,312.0,161.0,312.0,253.0,208.0,253.0
223.0,176.0,329.0,176.0,329.0,265.0,223.0,265.0
246.0,190.0,350.0,190.0,350.0,279.0,246.0,279.0
249.0,187.0,355.0,187.0,355.0,282.0,249.0,282.0
242.0,189.0,342.0,189.0,342.0,281.0,242.0,281.0
218.0,195.0,319.0,195.0,319.0,286.0,218.0,286.0
192.0,203.0,299.0,203.0,299.0,297.0,192.0,297.0
191.0,216.0,293.0,216.0,293.0,305.0,191.0,305.0
193.0,219.0,299.0,219.0,299.0,312.0,193.0,312.0
193.0,212.0,294.0,212.0,294.0,302.0,193.0,302.0
191.0,197.0,294.0,197.0,294.0,281.0,191.0,281.0
204.0,168.0,308.0,168.0,308.0,258.0,204.0,258.0
236.0,165.0,341.0,165.0,341.0,256.0,236.0,256.0
273.0,174.0,375.0,174.0,375.0,260.0,273.0,260.0
301.0,190.0,395.0,190.0,395.0,280.0,301.0,280.0
302.0,219.0,407.0,219.0,407.0,302.0,302.0,302.0
300.0,225.0,402.0,225.0,402.0,313.0,300.0,313.0
303.0,229.0,406.0,229.0,406.0,317.0,303.0,317.0
305.0,221.0,410.0,221.0,410.0,313.0,305.0,313.0
298.0,229.0,401.0,229.0,401.0,316.0,298.0,316.0
274.0,231.0,369.0,231.0,369.0,320.0,274.0,320.0
247.0,232.0,342.0,232.0,342.0,321.0,247.0,321.0
239.0,239.0,341.0,239.0,341.0,330.0,239.0,330.0
227.0,245.0,328.0,245.0,328.0,336.0,227.0,336.0
214.0,234.0,316.0,234.0,316.0,325.0,214.0,325.0
217.0,223.0,317.0,223.0,317.0,312.0,217.0,312.0
219.0,209.0,321.0,209.0,321.0,302.0,219.0,302.0
228.0,206.0,324.0,206.0,324.0,298.0,228.0,298.0
245.0,205.0,346.0,205.0,346.0,296.0,245.0,296.0
255.0,199.0,361.0,199.0,361.0,287.0,255.0,287.0
263.0,183.0,368.0,183.0,368.0,271.0,263.0,271.0
266.0,170.0,368.0,170.0,368.0,262.0,266.0,262.0
275.0,183.0,376.0,183.0,376.0,272.0,275.0,272.0
289.0,218.0,393.0,218.0,393.0,311.0,289.0,311.0
282.0,252.0,386.0,252.0,386.0,339.0,282.0,339.0
267.0,257.0,367.0,257.0,367.0,348.0,267.0,348.0
258.0,241.0,359.0,241.0,359.0,333.0,258.0,333.0
254.0,199.0,352.0,199.0,352.0,291.0,254.0,291.0
244.0,163.0,346.0,163.0,346.0,260.0,244.0,260.0
243.0,162.0,340.0,162.0,340.0,252.0,243.0,252.0
227.0,170.0,333.0,170.0,333.0,259.0,227.0,259.0
212.0,176.0,311.0,176.0,311.0,266.0,212.0,266.0
217.0,175.0,322.0,175.0,322.0,263.0,217.0,263.0
254.0,168.0,352.0,168.0,352.0,252.0,254.0,252.0
272.0,152.0,371.0,152.0,371.0,238.0,272.0,238.0
283.0,146.0,382.0,146.0,382.0,236.0,283.0,236.0
287.0,166.0,385.0,166.0,385.0,247.0,287.0,247.0
269.0,183.0,370.0,183.0,370.0,266.0,269.0,266.0
250.0,191.0,348.0,191.0,348.0,279.0,250.0,279.0
240.0,194.0,344.0,194.0,344.0,282.0,240.0,282.0
245.0,189.0,346.0,189.0,346.0,278.0,245.0,278.0
254.0,194.0,352.0,194.0,352.0,279.0,254.0,279.0
244.0,206.0,343.0,206.0,343.0,289.0,244.0,289.0
213.0,213.0,315.0,213.0,315.0,300.0,213.0,300.0
206.0,214.0,307.0,214.0,307.0,306.0,206.0,306.0
217.0,207.0,317.0,207.0,317.0,293.0,217.0,293.0
236.0,194.0,335.0,194.0,335.0,280.0,236.0,280.0
248.0,184.0,349.0,184.0,349.0,277.0,248.0,277.0
250.0,194.0,344.0,194.0,344.0,285.0,250.0,285.0
247.0,201.0,343.0,201.0,343.0,292.0,247.0,292.0
247.0,205.0,343.0,205.0,343.0,297.0,247.0,297.0
236.0,211.0,334.0,211.0,334.0,301.0,236.0,301.0
220.0,228.0,317.0,228.0,317.0,313.0,220.0,313.0
214.0,235.0,310.0,235.0,310.0,329.0,214.0,329.0
226.0,240.0,323.0,240.0,323.0,330.0,226.0,330.0
228.0,234.0,328.0,234.0,328.0,325.0,228.0,325.0
220.0,230.0,320.0,230.0,320.0,320.0,220.0,320.0
218.0,226.0,320.0,226.0,320.0,317.0,218.0,317.0
228.0,222.0,325.0,222.0,325.0,306.0,228.0,306.0
256.0,201.0,352.0,201.0,352.0,281.0,256.0,281.0
283.0,167.0,380.0,167.0,380.0,256.0,283.0,256.0
285.0,162.0,385.0,162.0,385.0,252.0,285.0,252.0
286.0,169.0,386.0,169.0,386.0,263.0,286.0,263.0
282.0,197.0,376.0,197.0,376.0,291.0,282.0,291.0
275.0,227.0,374.0,227.0,374.0,311.0,275.0,311.0
268.0,232.0,367.0,232.0,367.0,325.0,268.0,325.0
248.0,228.0,350.0,228.0,350.0,318.0,248.0,318.0
223.0,232.0,317.0,232.0,317.0,318.0,223.0,318.0
224.0,244.0,318.0,244.0,318.0,329.0,224.0,329.0
233.0,251.0,332.0,251.0,332.0,340.0,233.0,340.0
244.0,250.0,339.0,250.0,339.0,334.0,244.0,334.0
245.0,237.0,343.0,237.0,343.0,318.0,245.0,318.0
247.0,212.0,344.0,212.0,344.0,304.0,247.0,304.0
263.0,209.0,363.0,209.0,363.0,301.0,263.0,301.0
297.0,218.0,395.0,218.0,395.0,302.0,297.0,302.0
310.0,213.0,406.0,213.0,406.0,301.0,310.0,301.0
300.0,208.0,395.0,208.0,395.0,295.0,300.0,295.0
285.0,208.0,385.0,208.0,385.0,293.0,285.0,293.0
277.0,218.0,374.0,218.0,374.0,302.0,277.0,302.0
275.0,235.0,368.0,235.0,368.0,318.0,275.0,318.0
260.0,246.0,359.0,246.0,359.0,329.0,260.0,329.0
258.0,249.0,353.0,249.0,353.0,336.0,258.0,336.0
268.0,245.0,363.0,245.0,363.0,328.0,268.0,328.0
273.0,235.0,369.0,235.0,369.0,318.0,273.0,318.0
270.0,224.0,361.0,224.0,361.0,311.0,270.0,311.0
264.0,217.0,360.0,217.0,360.0,304.0,264.0,304.0
261.0,210.0,361.0,210.0,361.0,298.0,261.0,298.0
268.0,209.0,360.0,209.0,360.0,296.0,268.0,296.0
278.0,203.0,372.0,203.0,372.0,288.0,278.0,288.0
276.0,194.0,371.0,194.0,371.0,282.0,276.0,282.0
277.0,204.0,372.0,204.0,372.0,286.0,277.0,286.0
283.0,219.0,381.0,219.0,381.0,300.0,283.0,300.0
292.0,228.0,387.0,228.0,387.0,312.0,292.0,312.0
297.0,235.0,394.0,235.0,394.0,319.0,297.0,319.0
283.0,237.0,375.0,237.0,375.0,318.0,283.0,318.0
251.0,240.0,348.0,240.0,348.0,324.0,251.0,324.0
231.0,241.0,325.0,241.0,325.0,327.0,231.0,327.0
219.0,230.0,313.0,230.0,313.0,313.0,219.0,313.0
205.0,194.0,302.0,194.0,302.0,285.0,205.0,285.0
211.0,176.0,302.0,176.0,302.0,262.0,211.0,262.0
214.0,170.0,314.0,170.0,314.0,255.0,214.0,255.0
228.0,176.0,325.0,176.0,325.0,261.0,228.0,261.0
243.0,190.0,336.0,190.0,336.0,273.0,243.0,273.0
249.0,190.0,344.0,190.0,344.0,273.0,249.0,273.0
259.0,193.0,349.0,193.0,349.0,277.0,259.0,277.0
270.0,209.0,362.0,209.0,362.0,292.0,270.0,292.0
288.0,236.0,382.0,236.0,382.0,317.0,288.0,317.0
297.0,258.0,395.0,258.0,395.0,341.0,297.0,341.0
293.0,255.0,383.0,255.0,383.0,330.0,293.0,330.0
281.0,216.0,378.0,216.0,378.0,301.0,281.0,301.0
273.0,206.0,366.0,206.0,366.0,289.0,273.0,289.0
255.0,200.0,343.0,200.0,343.0,282.0,255.0,282.0
231.0,205.0,325.0,205.0,325.0,286.0,231.0,286.0
226.0,224.0,318.0,224.0,318.0,306.0,226.0,306.0
233.0,234.0,323.0,234.0,323.0,317.0,233.0,317.0
245.0,233.0,342.0,233.0,342.0,318.0,245.0,318.0
269.0,232.0,363.0,232.0,363.0,317.0,269.0,317.0
282.0,239.0,374.0,239.0,374.0,322.0,282.0,322.0
282.0,249.0,378.0,249.0,378.0,332.0,282.0,332.0
279.0,258.0,372.0,258.0,372.0,342.0,279.0,342.0
275.0,265.0,370.0,265.0,370.0,350.0,275.0,350.0
277.0,259.0,372.0,259.0,372.0,348.0,277.0,348.0
281.0,256.0,372.0,256.0,372.0,338.0,281.0,338.0
281.0,248.0,375.0,248.0,375.0,328.0,281.0,328.0
281.0,239.0,374.0,239.0,374.0,321.0,281.0,321.0
277.0,239.0,373.0,239.0,373.0,321.0,277.0,321.0
268.0,248.0,360.0,248.0,360.0,329.0,268.0,329.0
258.0,248.0,351.0,248.0,351.0,330.0,258.0,330.0
255.0,242.0,352.0,242.0,352.0,323.0,255.0,323.0
257.0,228.0,354.0,228.0,354.0,307.0,257.0,307.0
255.0,226.0,347.0,226.0,347.0,305.0,255.0,305.0
249.0,230.0,344.0,230.0,344.0,308.0,249.0,308.0
252.0,234.0,346.0,234.0,346.0,312.0,252.0,312.0
265.0,233.0,358.0,233.0,358.0,314.0,265.0,314.0
284.0,228.0,374.0,228.0,374.0,304.0,284.0,304.0
296.0,216.0,391.0,216.0,391.0,291.0,296.0,291.0
299.0,200.0,388.0,200.0,388.0,281.0,299.0,281.0
293.0,201.0,385.0,201.0,385.0,279.0,293.0,279.0
288.0,207.0,382.0,207.0,382.0,286.0,288.0,286.0
286.0,217.0,377.0,217.0,377.0,293.0,286.0,293.0
270.0,216.0,365.0,216.0,365.0,298.0,270.0,298.0
243.0,211.0,333.0,211.0,333.0,288.0,243.0,288.0
229.0,197.0,320.0,197.0,320.0,280.0,229.0,280.0
227.0,202.0,318.0,202.0,318.0,287.0,227.0,287.0
237.0,216.0,320.0,216.0,320.0,297.0,237.0,297.0
252.0,265.0,348.0,265.0,348.0,352.0,252.0,352.0
284.0,287.0,370.0,287.0,370.0,365.0,284.0,365.0
307.0,274.0,398.0,274.0,398.0,350.0,307.0,350.0
321.0,250.0,411.0,250.0,411.0,328.0,321.0,328.0
317.0,239.0,408.0,239.0,408.0,316.0,317.0,316.0
302.0,228.0,393.0,228.0,393.0,307.0,302.0,307.0
282.0,236.0,370.0,236.0,370.0,311.0,282.0,311.0
250.0,242.0,346.0,242.0,346.0,322.0,250.0,322.0
228.0,243.0,320.0,243.0,320.0,324.0,228.0,324.0
248.0,243.0,345.0,243.0,345.0,321.0,248.0,321.0
286.0,245.0,386.0,245.0,386.0,324.0,286.0,324.0
317.0,243.0,404.0,243.0,404.0,321.0,317.0,321.0
334.0,236.0,429.0,236.0,429.0,316.0,334.0,316.0
344.0,237.0,436.0,237.0,436.0,317.0,344.0,317.0
350.0,245.0,444.0,245.0,444.0,324.0,350.0,324.0
354.0,244.0,444.0,244.0,444.0,323.0,354.0,323.0
356.0,238.0,445.0,238.0,445.0,316.0,356.0,316.0
349.0,240.0,434.0,240.0,434.0,318.0,349.0,318.0
323.0,260.0,410.0,260.0,410.0,336.0,323.0,336.0
300.0,266.0,395.0,266.0,395.0,347.0,300.0,347.0
302.0,262.0,395.0,262.0,395.0,340.0,302.0,340.0
311.0,252.0,401.0,252.0,401.0,329.0,311.0,329.0
318.0,244.0,409.0,244.0,409.0,327.0,318.0,327.0
336.0,260.0,422.0,260.0,422.0,336.0,336.0,336.0
351.0,268.0,442.0,268.0,442.0,344.0,351.0,344.0
364.0,257.0,452.0,257.0,452.0,337.0,364.0,337.0
348.0,226.0,436.0,226.0,436.0,312.0,348.0,312.0
305.0,182.0,399.0,182.0,399.0,270.0,305.0,270.0
288.0,167.0,379.0,167.0,379.0,250.0,288.0,250.0
286.0,174.0,377.0,174.0,377.0,257.0,286.0,257.0
285.0,196.0,379.0,196.0,379.0,277.0,285.0,277.0
277.0,220.0,369.0,220.0,369.0,298.0,277.0,298.0
252.0,239.0,342.0,239.0,342.0,319.0,252.0,319.0
229.0,242.0,318.0,242.0,318.0,325.0,229.0,325.0
223.0,247.0,316.0,247.0,316.0,328.0,223.0,328.0
224.0,249.0,315.0,249.0,315.0,331.0,224.0,331.0
232.0,253.0,326.0,253.0,326.0,333.0,232.0,333.0
250.0,249.0,341.0,249.0,341.0,325.0,250.0,325.0
257.0,212.0,348.0,212.0,348.0,295.0,257.0,295.0
243.0,186.0,332.0,186.0,332.0,266.0,243.0,266.0
239.0,176.0,330.0,176.0,330.0,258.0,239.0,258.0
234.0,182.0,323.0,182.0,323.0,263.0,234.0,263.0
210.0,202.0,302.0,202.0,302.0,276.0,210.0,276.0
201.0,212.0,288.0,212.0,288.0,293.0,201.0,293.0
191.0,213.0,282.0,213.0,282.0,294.0,191.0,294.0
189.0,216.0,280.0,216.0,280.0,297.0,189.0,297.0
186.0,235.0,273.0,235.0,273.0,312.0,186.0,312.0
186.0,240.0,274.0,240.0,274.0,320.0,186.0,320.0
207.0,241.0,299.0,241.0,299.0,321.0,207.0,321.0
240.0,236.0,331.0,236.0,331.0,317.0,240.0,317.0
282.0,230.0,366.0,230.0,366.0,309.0,282.0,309.0
297.0,224.0,390.0,224.0,390.0,302.0,297.0,302.0
316.0,233.0,405.0,233.0,405.0,309.0,316.0,309.0
317.0,247.0,408.0,247.0,408.0,323.0,317.0,323.0
296.0,253.0,378.0,253.0,378.0,332.0,296.0,332.0
243.0,236.0,322.0,236.0,322.0,313.0,243.0,313.0
210.0,222.0,300.0,222.0,300.0,304.0,210.0,304.0
187.0,223.0,284.0,223.0,284.0,300.0,187.0,300.0
180.0,231.0,272.0,231.0,272.0,313.0,180.0,313.0
209.0,237.0,299.0,237.0,299.0,315.0,209.0,315.0
235.0,227.0,328.0,227.0,328.0,304.0,235.0,304.0
250.0,208.0,336.0,208.0,336.0,284.0,250.0,284.0
263.0,201.0,358.0,201.0,358.0,280.0,263.0,280.0
294.0,204.0,381.0,204.0,381.0,283.0,294.0,283.0
327.0,213.0,418.0,213.0,418.0,287.0,327.0,287.0
334.0,215.0,424.0,215.0,424.0,292.0,334.0,292.0
332.0,209.0,420.0,209.0,420.0,288.0,332.0,288.0
310.0,207.0,391.0,207.0,391.0,281.0,310.0,281.0
273.0,192.0,360.0,192.0,360.0,267.0,273.0,267.0
237.0,163.0,329.0,163.0,329.0,243.0,237.0,243.0
249.0,153.0,334.0,153.0,334.0,231.0,249.0,231.0
291.0,150.0,372.0,150.0,372.0,224.0,291.0,224.0
300.0,139.0,388.0,139.0,388.0,214.0,300.0,214.0
306.0,125.0,396.0,125.0,396.0,204.0,306.0,204.0
308.0,134.0,396.0,134.0,396.0,213.0,308.0,213.0
309.0,161.0,394.0,161.0,394.0,240.0,309.0,240.0
311.0,201.0,402.0,201.0,402.0,287.0,311.0,287.0
313.0,234.0,400.0,234.0,400.0,313.0,313.0,313.0
310.0,237.0,399.0,237.0,399.0,313.0,310.0,313.0
307.0,224.0,393.0,224.0,393.0,298.0,307.0,298.0
302.0,209.0,388.0,209.0,388.0,285.0,302.0,285.0
294.0,201.0,383.0,201.0,383.0,274.0,294.0,274.0
293.0,182.0,382.0,182.0,382.0,260.0,293.0,260.0
295.0,155.0,382.0,155.0,382.0,232.0,295.0,232.0
294.0,113.0,380.0,113.0,380.0,187.0,294.0,187.0
313.0,83.0,399.0,83.0,399.0,162.0,313.0,162.0
331.0,100.0,414.0,100.0,414.0,182.0,331.0,182.0
338.0,158.0,426.0,158.0,426.0,229.0,338.0,229.0
325.0,181.0,412.0,181.0,412.0,256.0,325.0,256.0
308.0,195.0,393.0,195.0,393.0,268.0,308.0,268.0
297.0,215.0,382.0,215.0,382.0,284.0,297.0,284.0
290.0,227.0,372.0,227.0,372.0,301.0,290.0,301.0
278.0,236.0,363.0,236.0,363.0,311.0,278.0,311.0
269.0,241.0,358.0,241.0,358.0,316.0,269.0,316.0
276.0,245.0,362.0,245.0,362.0,320.0,276.0,320.0
285.0,244.0,372.0,244.0,372.0,316.0,285.0,316.0
292.0,233.0,383.0,233.0,383.0,306.0,292.0,306.0
299.0,224.0,386.0,224.0,386.0,294.0,299.0,294.0
314.0,211.0,397.0,211.0,397.0,278.0,314.0,278.0
322.0,194.0,406.0,194.0,406.0,274.0,322.0,274.0
327.0,195.0,411.0,195.0,411.0,275.0,327.0,275.0
340.0,210.0,424.0,210.0,424.0,281.0,340.0,281.0
339.0,225.0,425.0,225.0,425.0,296.0,339.0,296.0
326.0,247.0,409.0,247.0,409.0,316.0,326.0,316.0
303.0,265.0,388.0,265.0,388.0,334.0,303.0,334.0
277.0,270.0,363.0,270.0,363.0,348.0,277.0,348.0
267.0,267.0,359.0,267.0,359.0,343.0,267.0,343.0
264.0,263.0,352.0,263.0,352.0,339.0,264.0,339.0
247.0,241.0,334.0,241.0,334.0,320.0,247.0,320.0
248.0,199.0,330.0,199.0,330.0,283.0,248.0,283.0
263.0,187.0,350.0,187.0,350.0,261.0,263.0,261.0
286.0,181.0,372.0,181.0,372.0,256.0,286.0,256.0
299.0,187.0,381.0,187.0,381.0,262.0,299.0,262.0
310.0,206.0,398.0,206.0,398.0,278.0,310.0,278.0
328.0,221.0,418.0,221.0,418.0,296.0,328.0,296.0
344.0,242.0,429.0,242.0,429.0,312.0,344.0,312.0
354.0,262.0,441.0,262.0,441.0,339.0,354.0,339.0
344.0,268.0,433.0,268.0,433.0,347.0,344.0,347.0
333.0,268.0,419.0,268.0,419.0,348.0,333.0,348.0
302.0,273.0,381.0,273.0,381.0,350.0,302.0,350.0
257.0,273.0,341.0,273.0,341.0,350.0,257.0,350.0
221.0,268.0,308.0,268.0,308.0,353.0,221.0,353.0
216.0,259.0,300.0,259.0,300.0,334.0,216.0,334.0
229.0,227.0,315.0,227.0,315.0,308.0,229.0,308.0
227.0,205.0,316.0,205.0,316.0,282.0,227.0,282.0
245.0,192.0,322.0,192.0,322.0,274.0,245.0,274.0
271.0,190.0,350.0,190.0,350.0,267.0,271.0,267.0
301.0,186.0,384.0,186.0,384.0,268.0,301.0,268.0
314.0,191.0,399.0,191.0,399.0,269.0,314.0,269.0
321.0,197.0,408.0,197.0,408.0,273.0,321.0,273.0
324.0,209.0,411.0,209.0,411.0,283.0,324.0,283.0
330.0,228.0,415.0,228.0,415.0,296.0,330.0,296.0
319.0,238.0,395.0,238.0,395.0,311.0,319.0,311.0
286.0,239.0,365.0,239.0,365.0,312.0,286.0,312.0
242.0,233.0,325.0,233.0,325.0,312.0,242.0,312.0
193.0,230.0,284.0,230.0,284.0,316.0,193.0,316.0
183.0,234.0,270.0,234.0,270.0,314.0,183.0,314.0
195.0,235.0,282.0,235.0,282.0,314.0,195.0,314.0
235.0,235.0,321.0,235.0,321.0,311.0,235.0,311.0
255.0,236.0,345.0,236.0,345.0,313.0,255.0,313.0
261.0,234.0,343.0,234.0,343.0,308.0,261.0,308.0
274.0,230.0,359.0,230.0,359.0,308.0,274.0,308.0
352.0,227.0,432.0,227.0,432.0,302.0,352.0,302.0
367.0,210.0,459.0,210.0,459.0,295.0,367.0,295.0
352.0,208.0,444.0,208.0,444.0,282.0,352.0,282.0
300.0,210.0,387.0,210.0,387.0,288.0,300.0,288.0
190.0,220.0,281.0,220.0,281.0,299.0,190.0,299.0
163.0,224.0,252.0,224.0,252.0,299.0,163.0,299.0
164.0,220.0,246.0,220.0,246.0,292.0,164.0,292.0
198.0,199.0,284.0,199.0,284.0,271.0,198.0,271.0
225.0,166.0,309.0,166.0,309.0,247.0,225.0,247.0
224.0,161.0,308.0,161.0,308.0,241.0,224.0,241.0
225.0,172.0,310.0,172.0,310.0,250.0,225.0,250.0
239.0,201.0,323.0,201.0,323.0,273.0,239.0,273.0
243.0,234.0,329.0,234.0,329.0,311.0,243.0,311.0
240.0,257.0,322.0,257.0,322.0,330.0,240.0,330.0
244.0,270.0,331.0,270.0,331.0,343.0,244.0,343.0
253.0,273.0,337.0,273.0,337.0,349.0,253.0,349.0
245.0,266.0,327.0,266.0,327.0,338.0,245.0,338.0
225.0,260.0,310.0,260.0,310.0,337.0,225.0,337.0
227.0,276.0,309.0,276.0,309.0,349.0,227.0,349.0
260.0,295.0,344.0,295.0,344.0,367.0,260.0,367.0
277.0,291.0,360.0,291.0,360.0,370.0,277.0,370.0
277.0,284.0,363.0,284.0,363.0,356.0,277.0,356.0
273.0,258.0,367.0,258.0,367.0,338.0,273.0,338.0
283.0,215.0,371.0,215.0,371.0,289.0,283.0,289.0
270.0,156.0,359.0,156.0,359.0,236.0,270.0,236.0
258.0,156.0,345.0,156.0,345.0,234.0,258.0,234.0
242.0,171.0,327.0,171.0,327.0,244.0,242.0,244.0
233.0,184.0,322.0,184.0,322.0,265.0,233.0,265.0
232.0,223.0,318.0,223.0,318.0,309.0,232.0,309.0
228.0,255.0,318.0,255.0,318.0,329.0,228.0,329.0
235.0,262.0,323.0,262.0,323.0,341.0,235.0,341.0
247.0,260.0,331.0,260.0,331.0,332.0,247.0,332.0
251.0,244.0,338.0,244.0,338.0,318.0,251.0,318.0
250.0,233.0,339.0,233.0,339.0,310.0,250.0,310.0
259.0,230.0,342.0,230.0,342.0,308.0,259.0,308.0
288.0,223.0,373.0,223.0,373.0,296.0,288.0,296.0
288.0,210.0,373.0,210.0,373.0,285.0,288.0,285.0
275.0,195.0,362.0,195.0,362.0,271.0,275.0,271.0
281.0,187.0,372.0,187.0,372.0,264.0,281.0,264.0
298.0,187.0,386.0,187.0,386.0,263.0,298.0,263.0
303.0,201.0,386.0,201.0,386.0,276.0,303.0,276.0
290.0,242.0,372.0,242.0,372.0,317.0,290.0,317.0
277.0,267.0,362.0,267.0,362.0,338.0,277.0,338.0
289.0,269.0,375.0,269.0,375.0,346.0,289.0,346.0
294.0,266.0,382.0,266.0,382.0,340.0,294.0,340.0
278.0,248.0,365.0,248.0,365.0,324.0,278.0,324.0
276.0,240.0,357.0,240.0,357.0,321.0,276.0,321.0
277.0,244.0,362.0,244.0,362.0,322.0,277.0,322.0
279.0,241.0,363.0,241.0,363.0,318.0,279.0,318.0
272.0,233.0,356.0,233.0,356.0,311.0,272.0,311.0
265.0,225.0,351.0,225.0,351.0,301.0,265.0,301.0
260.0,226.0,345.0,226.0,345.0,302.0,260.0,302.0
254.0,233.0,337.0,233.0,337.0,309.0,254.0,309.0
242.0,234.0,329.0,234.0,329.0,311.0,242.0,311.0
241.0,231.0,328.0,231.0,328.0,306.0,241.0,306.0
266.0,228.0,354.0,228.0,354.0,302.0,266.0,302.0
293.0,228.0,381.0,228.0,381.0,305.0,293.0,305.0
276.0,239.0,366.0,239.0,366.0,314.0,276.0,314.0
259.0,244.0,345.0,244.0,345.0,322.0,259.0,322.0
259.0,247.0,346.0,247.0,346.0,322.0,259.0,322.0
268.0,237.0,353.0,237.0,353.0,311.0,268.0,311.0
273.0,223.0,358.0,223.0,358.0,299.0,273.0,299.0
273.0,219.0,358.0,219.0,358.0,296.0,273.0,296.0
276.0,226.0,363.0,226.0,363.0,300.0,276.0,300.0
285.0,229.0,373.0,229.0,373.0,305.0,285.0,305.0
281.0,232.0,371.0,232.0,371.0,307.0,281.0,307.0
276.0,229.0,364.0,229.0,364.0,304.0,276.0,304.0
275.0,224.0,362.0,224.0,362.0,299.0,275.0,299.0
281.0,228.0,365.0,228.0,365.0,301.0,281.0,301.0
280.0,238.0,369.0,238.0,369.0,312.0,280.0,312.0
273.0,251.0,360.0,251.0,360.0,325.0,273.0,325.0
271.0,256.0,356.0,256.0,356.0,330.0,271.0,330.0
277.0,249.0,365.0,249.0,365.0,321.0,277.0,321.0
292.0,230.0,376.0,230.0,376.0,303.0,292.0,303.0
286.0,225.0,375.0,225.0,375.0,300.0,286.0,300.0
279.0,235.0,367.0,235.0,367.0,309.0,279.0,309.0
270.0,247.0,359.0,247.0,359.0,320.0,270.0,320.0
269.0,244.0,358.0,244.0,358.0,314.0,269.0,314.0
274.0,224.0,362.0,224.0,362.0,295.0,274.0,295.0
278.0,212.0,366.0,212.0,366.0,288.0,278.0,288.0
280.0,219.0,367.0,219.0,367.0,295.0,280.0,295.0
281.0,238.0,367.0,238.0,367.0,309.0,281.0,309.0
276.0,244.0,361.0,244.0,361.0,319.0,276.0,319.0
269.0,241.0,355.0,241.0,355.0,321.0,269.0,321.0
272.0,240.0,359.0,240.0,359.0,315.0,272.0,315.0
272.0,233.0,357.0,233.0,357.0,311.0,272.0,311.0
267.0,234.0,351.0,234.0,351.0,312.0,267.0,312.0
256.0,248.0,340.0,248.0,340.0,324.0,256.0,324.0
254.0,258.0,339.0,258.0,339.0,334.0,254.0,334.0
255.0,254.0,341.0,254.0,341.0,332.0,255.0,332.0
259.0,246.0,343.0,246.0,343.0,323.0,259.0,323.0
255.0,240.0,342.0,240.0,342.0,317.0,255.0,317.0
254.0,248.0,339.0,248.0,339.0,326.0,254.0,326.0
255.0,263.0,343.0,263.0,343.0,338.0,255.0,338.0
257.0,266.0,343.0,266.0,343.0,343.0,257.0,343.0
257.0,268.0,343.0,268.0,343.0,345.0,257.0,345.0
257.0,265.0,343.0,265.0,343.0,346.0,257.0,346.0
251.0,260.0,340.0,260.0,340.0,340.0,251.0,340.0
244.0,253.0,334.0,253.0,334.0,332.0,244.0,332.0
246.0,251.0,331.0,251.0,331.0,325.0,246.0,325.0
246.0,237.0,334.0,237.0,334.0,310.0,246.0,310.0
246.0,225.0,331.0,225.0,331.0,304.0,246.0,304.0
242.0,223.0,328.0,223.0,328.0,304.0,242.0,304.0
248.0,229.0,332.0,229.0,332.0,305.0,248.0,305.0
252.0,226.0,334.0,226.0,334.0,305.0,252.0,305.0
257.0,214.0,339.0,214.0,339.0,293.0,257.0,293.0
260.0,214.0,344.0,214.0,344.0,292.0,260.0,292.0
260.0,226.0,346.0,226.0,346.0,302.0,260.0,302.0
260.0,241.0,344.0,241.0,344.0,315.0,260.0,315.0
262.0,248.0,347.0,248.0,347.0,325.0,262.0,325.0
259.0,244.0,346.0,244.0,346.0,322.0,259.0,322.0
261.0,239.0,346.0,239.0,346.0,312.0,261.0,312.0
272.0,233.0,357.0,233.0,357.0,307.0,272.0,307.0
273.0,233.0,356.0,233.0,356.0,308.0,273.0,308.0
271.0,242.0,354.0,242.0,354.0,316.0,271.0,316.0
261.0,248.0,344.0,248.0,344.0,322.0,261.0,322.0
257.0,246.0,340.0,246.0,340.0,320.0,257.0,320.0
260.0,235.0,344.0,235.0,344.0,312.0,260.0,312.0
258.0,228.0,342.0,228.0,342.0,305.0,258.0,305.0
248.0,242.0,333.0,242.0,333.0,314.0,248.0,314.0
241.0,255.0,327.0,255.0,327.0,332.0,241.0,332.0
245.0,260.0,330.0,260.0,330.0,334.0,245.0,334.0
258.0,259.0,339.0,259.0,339.0,334.0,258.0,334.0
278.0,253.0,362.0,253.0,362.0,324.0,278.0,324.0
284.0,235.0,372.0,235.0,372.0,311.0,284.0,311.0
266.0,241.0,352.0,241.0,352.0,316.0,266.0,316.0
252.0,251.0,334.0,251.0,334.0,328.0,252.0,328.0
269.0,257.0,359.0,257.0,359.0,336.0,269.0,336.0
288.0,256.0,374.0,256.0,374.0,331.0,288.0,331.0
280.0,240.0,367.0,240.0,367.0,315.0,280.0,315.0
256.0,230.0,347.0,230.0,347.0,308.0,256.0,308.0
244.0,234.0,332.0,234.0,332.0,309.0,244.0,309.0
243.0,235.0,327.0,235.0,327.0,314.0,243.0,314.0
248.0,234.0,330.0,234.0,330.0,312.0,248.0,312.0
243.0,231.0,333.0,231.0,333.0,310.0,243.0,310.0
241.0,233.0,327.0,233.0,327.0,312.0,241.0,312.0
240.0,233.0,326.0,233.0,326.0,312.0,240.0,312.0
249.0,236.0,334.0,236.0,334.0,315.0,249.0,315.0
246.0,250.0,334.0,250.0,334.0,327.0,246.0,327.0
260.0,257.0,345.0,257.0,345.0,334.0,260.0,334.0
319.0,258.0,403.0,258.0,403.0,331.0,319.0,331.0
326.0,251.0,411.0,251.0,411.0,324.0,326.0,324.0
297.0,254.0,382.0,254.0,382.0,325.0,297.0,325.0
241.0,272.0,329.0,272.0,329.0,344.0,241.0,344.0
223.0,279.0,310.0,279.0,310.0,354.0,223.0,354.0
225.0,279.0,318.0,279.0,318.0,354.0,225.0,354.0
255.0,271.0,341.0,271.0,341.0,346.0,255.0,346.0
265.0,267.0,349.0,267.0,349.0,341.0,265.0,341.0
252.0,269.0,335.0,269.0,335.0,343.0,252.0,343.0
236.0,269.0,317.0,269.0,317.0,343.0,236.0,343.0
224.0,270.0,308.0,270.0,308.0,344.0,224.0,344.0
231.0,274.0,315.0,274.0,315.0,347.0,231.0,347.0
251.0,275.0,333.0,275.0,333.0,348.0,251.0,348.0
255.0,269.0,338.0,269.0,338.0,343.0,255.0,343.0
253.0,261.0,337.0,261.0,337.0,335.0,253.0,335.0
243.0,257.0,329.0,257.0,329.0,331.0,243.0,331.0
245.0,251.0,326.0,251.0,326.0,328.0,245.0,328.0
252.0,243.0,338.0,243.0,338.0,318.0,252.0,318.0
256.0,237.0,337.0,237.0,337.0,311.0,256.0,311.0
255.0,233.0,339.0,233.0,339.0,308.0,255.0,308.0
256.0,227.0,337.0,227.0,337.0,299.0,256.0,299.0
256.0,220.0,340.0,220.0,340.0,295.0,256.0,295.0
257.0,221.0,344.0,221.0,344.0,301.0,257.0,301.0
248.0,270.0,333.0,270.0,333.0,346.0,248.0,346.0
236.0,295.0,323.0,295.0,323.0,369.0,236.0,369.0
234.0,295.0,321.0,295.0,321.0,367.0,234.0,367.0
246.0,267.0,328.0,267.0,328.0,346.0,246.0,346.0
252.0,251.0,336.0,251.0,336.0,325.0,252.0,325.0
261.0,234.0,343.0,234.0,343.0,307.0,261.0,307.0
268.0,224.0,353.0,224.0,353.0,293.0,268.0,293.0
259.0,201.0,343.0,201.0,343.0,280.0,259.0,280.0
254.0,191.0,337.0,191.0,337.0,261.0,254.0,261.0
255.0,171.0,341.0,171.0,341.0,247.0,255.0,247.0
263.0,165.0,343.0,165.0,343.0,239.0,263.0,239.0
267.0,173.0,351.0,173.0,351.0,246.0,267.0,246.0
275.0,188.0,356.0,188.0,356.0,261.0,275.0,261.0
282.0,215.0,361.0,215.0,361.0,290.0,282.0,290.0
281.0,250.0,368.0,250.0,368.0,320.0,281.0,320.0
287.0,248.0,369.0,248.0,369.0,321.0,287.0,321.0
279.0,221.0,364.0,221.0,364.0,294.0,279.0,294.0
281.0,202.0,361.0,202.0,361.0,280.0,281.0,280.0
296.0,202.0,380.0,202.0,380.0,276.0,296.0,276.0
318.0,214.0,405.0,214.0,405.0,288.0,318.0,288.0
326.0,221.0,407.0,221.0,407.0,295.0,326.0,295.0
312.0,223.0,393.0,223.0,393.0,304.0,312.0,304.0
300.0,227.0,382.0,227.0,382.0,303.0,300.0,303.0
299.0,229.0,382.0,229.0,382.0,309.0,299.0,309.0
304.0,250.0,387.0,250.0,387.0,327.0,304.0,327.0
316.0,280.0,396.0,280.0,396.0,352.0,316.0,352.0
319.0,284.0,402.0,284.0,402.0,360.0,319.0,360.0
312.0,279.0,393.0,279.0,393.0,350.0,312.0,350.0
300.0,255.0,385.0,255.0,385.0,331.0,300.0,331.0
298.0,234.0,380.0,234.0,380.0,311.0,298.0,311.0
297.0,207.0,375.0,207.0,375.0,286.0,297.0,286.0
295.0,205.0,374.0,205.0,374.0,284.0,295.0,284.0
297.0,214.0,372.0,214.0,372.0,290.0,297.0,290.0
305.0,228.0,382.0,228.0,382.0,301.0,305.0,301.0
313.0,238.0,397.0,238.0,397.0,309.0,313.0,309.0
317.0,237.0,400.0,237.0,400.0,314.0,317.0,314.0
312.0,242.0,395.0,242.0,395.0,317.0,312.0,317.0
305.0,257.0,388.0,257.0,388.0,328.0,305.0,328.0
300.0,255.0,384.0,255.0,384.0,330.0,300.0,330.0
299.0,248.0,382.0,248.0,382.0,317.0,299.0,317.0
299.0,237.0,384.0,237.0,384.0,305.0,299.0,305.0
304.0,217.0,385.0,217.0,385.0,289.0,304.0,289.0
305.0,208.0,386.0,208.0,386.0,282.0,305.0,282.0
305.0,204.0,385.0,204.0,385.0,277.0,305.0,277.0
308.0,207.0,390.0,207.0,390.0,279.0,308.0,279.0
313.0,211.0,390.0,211.0,390.0,282.0,313.0,282.0
330.0,225.0,412.0,225.0,412.0,298.0,330.0,298.0
337.0,240.0,419.0,240.0,419.0,314.0,337.0,314.0
325.0,333.0,405.0,333.0,405.0,263.0,325.0,263.0
290.0,335.0,372.0,335.0,372.0,259.0,290.0,259.0
268.0,328.0,350.0,328.0,350.0,251.0,268.0,251.0
255.0,323.0,332.0,323.0,332.0,247.0,255.0,247.0
235.0,300.0,317.0,300.0,317.0,224.0,235.0,224.0
234.0,266.0,315.0,266.0,315.0,194.0,234.0,194.0
250.0,257.0,335.0,257.0,335.0,175.0,250.0,175.0
273.0,267.0,351.0,267.0,351.0,182.0,273.0,182.0
291.0,280.0,363.0,280.0,363.0,200.0,291.0,200.0
290.0,286.0,365.0,286.0,365.0,212.0,290.0,212.0
292.0,215.0,369.0,215.0,369.0,293.0,292.0,293.0
296.0,215.0,374.0,215.0,374.0,295.0,296.0,295.0
302.0,218.0,377.0,218.0,377.0,296.0,302.0,296.0
302.0,220.0,382.0,220.0,382.0,298.0,302.0,298.0
299.0,222.0,378.0,222.0,378.0,299.0,299.0,299.0
