337.0,219.0,362.0,219.0,362.0,167.0,337.0,167.0
338.0,222.0,364.0,222.0,364.0,166.0,338.0,166.0
339.0,163.0,366.0,163.0,366.0,219.0,339.0,219.0
340.0,164.0,366.0,164.0,366.0,219.0,340.0,219.0
338.0,166.0,364.0,166.0,364.0,221.0,338.0,221.0
331.0,216.0,361.0,216.0,361.0,168.0,331.0,168.0
330.0,222.0,363.0,222.0,363.0,166.0,330.0,166.0
333.0,215.0,361.0,215.0,361.0,166.0,333.0,166.0
332.0,227.0,363.0,227.0,363.0,166.0,332.0,166.0
332.0,166.0,360.0,166.0,360.0,225.0,332.0,225.0
333.0,164.0,359.0,164.0,359.0,224.0,333.0,224.0
333.0,226.0,358.0,226.0,358.0,166.0,333.0,166.0
332.0,166.0,358.0,166.0,358.0,224.0,332.0,224.0
332.0,226.0,355.0,226.0,355.0,166.0,332.0,166.0
331.0,166.0,353.0,166.0,353.0,231.0,331.0,231.0
331.0,226.0,355.0,226.0,355.0,167.0,331.0,167.0
330.0,165.0,355.0,165.0,355.0,228.0,330.0,228.0
331.0,165.0,354.0,165.0,354.0,229.0,331.0,229.0
330.0,166.0,355.0,166.0,355.0,232.0,330.0,232.0
331.0,223.0,355.0,223.0,355.0,165.0,331.0,165.0
329.0,223.0,358.0,223.0,358.0,164.0,329.0,164.0
330.0,224.0,357.0,224.0,357.0,163.0,330.0,163.0
330.0,163.0,354.0,163.0,354.0,230.0,330.0,230.0
330.0,161.0,355.0,161.0,355.0,227.0,330.0,227.0
331.0,159.0,355.0,159.0,355.0,227.0,331.0,227.0
328.0,159.0,354.0,159.0,354.0,228.0,328.0,228.0
327.0,159.0,356.0,159.0,356.0,231.0,327.0,231.0
327.0,157.0,356.0,157.0,356.0,224.0,327.0,224.0
329.0,156.0,355.0,156.0,355.0,222.0,329.0,222.0
329.0,157.0,355.0,157.0,355.0,224.0,329.0,224.0
328.0,155.0,355.0,155.0,355.0,227.0,328.0,227.0
331.0,154.0,356.0,154.0,356.0,223.0,331.0,223.0
330.0,220.0,355.0,220.0,355.0,154.0,330.0,154.0
331.0,152.0,357.0,152.0,357.0,219.0,331.0,219.0
334.0,152.0,359.0,152.0,359.0,216.0,334.0,216.0
334.0,153.0,358.0,153.0,358.0,222.0,334.0,222.0
333.0,224.0,357.0,224.0,357.0,153.0,333.0,153.0
331.0,152.0,357.0,152.0,357.0,222.0,331.0,222.0
333.0,152.0,358.0,152.0,358.0,227.0,333.0,227.0
337.0,150.0,359.0,150.0,359.0,219.0,337.0,219.0
333.0,152.0,363.0,152.0,363.0,222.0,333.0,222.0
334.0,153.0,363.0,153.0,363.0,225.0,334.0,225.0
333.0,152.0,361.0,152.0,361.0,221.0,333.0,221.0
333.0,152.0,360.0,152.0,360.0,220.0,333.0,220.0
331.0,152.0,359.0,152.0,359.0,217.0,331.0,217.0
333.0,150.0,357.0,150.0,357.0,219.0,333.0,219.0
331.0,152.0,360.0,152.0,360.0,221.0,331.0,221.0
335.0,152.0,360.0,152.0,360.0,227.0,335.0,227.0
334.0,152.0,358.0,152.0,358.0,226.0,334.0,226.0
334.0,151.0,358.0,151.0,358.0,225.0,334.0,225.0
335.0,150.0,360.0,150.0,360.0,222.0,335.0,222.0
333.0,152.0,361.0,152.0,361.0,227.0,333.0,227.0
334.0,151.0,361.0,151.0,361.0,225.0,334.0,225.0
339.0,152.0,363.0,152.0,363.0,223.0,339.0,223.0
337.0,150.0,366.0,150.0,366.0,218.0,337.0,218.0
340.0,151.0,364.0,151.0,364.0,221.0,340.0,221.0
340.0,152.0,365.0,152.0,365.0,224.0,340.0,224.0
339.0,152.0,364.0,152.0,364.0,227.0,339.0,227.0
339.0,153.0,361.0,153.0,361.0,229.0,339.0,229.0
338.0,151.0,362.0,151.0,362.0,222.0,338.0,222.0
337.0,151.0,362.0,151.0,362.0,221.0,337.0,221.0
336.0,218.0,361.0,218.0,361.0,151.0,336.0,151.0
332.0,219.0,359.0,219.0,359.0,149.0,332.0,149.0
333.0,224.0,360.0,224.0,360.0,151.0,333.0,151.0
331.0,148.0,356.0,148.0,356.0,221.0,331.0,221.0
330.0,218.0,355.0,218.0,355.0,148.0,330.0,148.0
328.0,218.0,354.0,218.0,354.0,149.0,328.0,149.0
327.0,221.0,352.0,221.0,352.0,150.0,327.0,150.0
323.0,228.0,350.0,228.0,350.0,151.0,323.0,151.0
323.0,228.0,346.0,228.0,346.0,147.0,323.0,147.0
322.0,224.0,350.0,224.0,350.0,148.0,322.0,148.0
324.0,221.0,351.0,221.0,351.0,148.0,324.0,148.0
323.0,224.0,351.0,224.0,351.0,147.0,323.0,147.0
322.0,229.0,348.0,229.0,348.0,148.0,322.0,148.0
324.0,217.0,350.0,217.0,350.0,146.0,324.0,146.0
323.0,218.0,350.0,218.0,350.0,147.0,323.0,147.0
324.0,220.0,349.0,220.0,349.0,148.0,324.0,148.0
325.0,221.0,348.0,221.0,348.0,146.0,325.0,146.0
323.0,147.0,346.0,147.0,346.0,224.0,323.0,224.0
326.0,214.0,348.0,214.0,348.0,147.0,326.0,147.0
323.0,223.0,347.0,223.0,347.0,145.0,323.0,145.0
323.0,148.0,349.0,148.0,349.0,220.0,323.0,220.0
322.0,212.0,351.0,212.0,351.0,145.0,322.0,145.0
324.0,215.0,351.0,215.0,351.0,148.0,324.0,148.0
320.0,145.0,347.0,145.0,347.0,222.0,320.0,222.0
325.0,147.0,347.0,147.0,347.0,219.0,325.0,219.0
322.0,147.0,347.0,147.0,347.0,219.0,322.0,219.0
323.0,147.0,348.0,147.0,348.0,218.0,323.0,218.0
326.0,148.0,348.0,148.0,348.0,224.0,326.0,224.0
328.0,149.0,351.0,149.0,351.0,224.0,328.0,224.0
328.0,148.0,353.0,148.0,353.0,224.0,328.0,224.0
329.0,147.0,352.0,147.0,352.0,222.0,329.0,222.0
331.0,223.0,360.0,223.0,360.0,149.0,331.0,149.0
332.0,224.0,362.0,224.0,362.0,145.0,332.0,145.0
334.0,229.0,358.0,229.0,358.0,145.0,334.0,145.0
332.0,147.0,360.0,147.0,360.0,227.0,332.0,227.0
334.0,147.0,361.0,147.0,361.0,224.0,334.0,224.0
338.0,145.0,362.0,145.0,362.0,220.0,338.0,220.0
339.0,145.0,360.0,145.0,360.0,221.0,339.0,221.0
337.0,147.0,362.0,147.0,362.0,225.0,337.0,225.0
340.0,146.0,362.0,146.0,362.0,225.0,340.0,225.0
339.0,215.0,368.0,215.0,368.0,144.0,339.0,144.0
338.0,221.0,369.0,221.0,369.0,144.0,338.0,144.0
340.0,223.0,372.0,223.0,372.0,143.0,340.0,143.0
341.0,225.0,372.0,225.0,372.0,143.0,341.0,143.0
341.0,143.0,366.0,143.0,366.0,224.0,341.0,224.0
338.0,229.0,366.0,229.0,366.0,146.0,338.0,146.0
337.0,227.0,367.0,227.0,367.0,145.0,337.0,145.0
344.0,145.0,370.0,145.0,370.0,220.0,344.0,220.0
345.0,146.0,371.0,146.0,371.0,228.0,345.0,228.0
346.0,145.0,373.0,145.0,373.0,230.0,346.0,230.0
348.0,147.0,375.0,147.0,375.0,226.0,348.0,226.0
351.0,147.0,378.0,147.0,378.0,225.0,351.0,225.0
350.0,225.0,387.0,225.0,387.0,145.0,350.0,145.0
357.0,228.0,389.0,228.0,389.0,146.0,357.0,146.0
357.0,234.0,390.0,234.0,390.0,148.0,357.0,148.0
358.0,239.0,386.0,239.0,386.0,148.0,358.0,148.0
363.0,149.0,389.0,149.0,389.0,226.0,363.0,226.0
367.0,148.0,392.0,148.0,392.0,224.0,367.0,224.0
362.0,232.0,393.0,232.0,393.0,145.0,362.0,145.0
364.0,236.0,394.0,236.0,394.0,148.0,364.0,148.0
367.0,241.0,395.0,241.0,395.0,149.0,367.0,149.0
367.0,225.0,398.0,225.0,398.0,147.0,367.0,147.0
369.0,231.0,401.0,231.0,401.0,146.0,369.0,146.0
368.0,234.0,406.0,234.0,406.0,147.0,368.0,147.0
365.0,236.0,401.0,236.0,401.0,148.0,365.0,148.0
365.0,241.0,394.0,241.0,394.0,152.0,365.0,152.0
366.0,237.0,398.0,237.0,398.0,150.0,366.0,150.0
366.0,240.0,397.0,240.0,397.0,148.0,366.0,148.0
370.0,238.0,402.0,238.0,402.0,150.0,370.0,150.0
375.0,242.0,406.0,242.0,406.0,151.0,375.0,151.0
374.0,250.0,403.0,250.0,403.0,154.0,374.0,154.0
373.0,249.0,404.0,249.0,404.0,152.0,373.0,152.0
377.0,151.0,406.0,151.0,406.0,232.0,377.0,232.0
381.0,239.0,416.0,239.0,416.0,155.0,381.0,155.0
381.0,242.0,419.0,242.0,419.0,152.0,381.0,152.0
383.0,247.0,416.0,247.0,416.0,155.0,383.0,155.0
383.0,250.0,413.0,250.0,413.0,156.0,383.0,156.0
380.0,247.0,415.0,247.0,415.0,154.0,380.0,154.0
390.0,155.0,417.0,155.0,417.0,235.0,390.0,235.0
390.0,243.0,423.0,243.0,423.0,156.0,390.0,156.0
393.0,250.0,427.0,250.0,427.0,159.0,393.0,159.0
392.0,254.0,421.0,254.0,421.0,158.0,392.0,158.0
393.0,256.0,421.0,256.0,421.0,159.0,393.0,159.0
398.0,159.0,424.0,159.0,424.0,241.0,398.0,241.0
399.0,244.0,434.0,244.0,434.0,159.0,399.0,159.0
401.0,251.0,437.0,251.0,437.0,162.0,401.0,162.0
404.0,254.0,435.0,254.0,435.0,163.0,404.0,163.0
406.0,260.0,434.0,260.0,434.0,160.0,406.0,160.0
407.0,253.0,439.0,253.0,439.0,162.0,407.0,162.0
411.0,248.0,445.0,248.0,445.0,160.0,411.0,160.0
412.0,251.0,445.0,251.0,445.0,160.0,412.0,160.0
412.0,249.0,442.0,249.0,442.0,161.0,412.0,161.0
412.0,257.0,441.0,257.0,441.0,160.0,412.0,160.0
412.0,252.0,442.0,252.0,442.0,159.0,412.0,159.0
411.0,238.0,439.0,238.0,439.0,159.0,411.0,159.0
411.0,244.0,448.0,244.0,448.0,160.0,411.0,160.0
410.0,248.0,443.0,248.0,443.0,159.0,410.0,159.0
410.0,253.0,444.0,253.0,444.0,158.0,410.0,158.0
408.0,256.0,440.0,256.0,440.0,157.0,408.0,157.0
406.0,249.0,437.0,249.0,437.0,157.0,406.0,157.0
411.0,247.0,445.0,247.0,445.0,158.0,411.0,158.0
416.0,248.0,446.0,248.0,446.0,158.0,416.0,158.0
417.0,254.0,447.0,254.0,447.0,158.0,417.0,158.0
420.0,258.0,448.0,258.0,448.0,161.0,420.0,161.0
420.0,254.0,452.0,254.0,452.0,159.0,420.0,159.0
421.0,249.0,456.0,249.0,456.0,163.0,421.0,163.0
428.0,245.0,465.0,245.0,465.0,162.0,428.0,162.0
442.0,256.0,471.0,256.0,471.0,161.0,442.0,161.0
444.0,254.0,475.0,254.0,475.0,162.0,444.0,162.0
444.0,253.0,474.0,253.0,474.0,160.0,444.0,160.0
452.0,162.0,479.0,162.0,479.0,238.0,452.0,238.0
454.0,249.0,489.0,249.0,489.0,160.0,454.0,160.0
459.0,252.0,492.0,252.0,492.0,161.0,459.0,161.0
462.0,253.0,488.0,253.0,488.0,159.0,462.0,159.0
459.0,255.0,488.0,255.0,488.0,158.0,459.0,158.0
465.0,157.0,493.0,157.0,493.0,238.0,465.0,238.0
465.0,237.0,503.0,237.0,503.0,155.0,465.0,155.0
464.0,239.0,502.0,239.0,502.0,152.0,464.0,152.0
466.0,240.0,499.0,240.0,499.0,151.0,466.0,151.0
466.0,245.0,495.0,245.0,495.0,153.0,466.0,153.0
470.0,151.0,493.0,151.0,493.0,232.0,470.0,232.0
470.0,153.0,493.0,153.0,493.0,231.0,470.0,231.0
467.0,236.0,501.0,236.0,501.0,154.0,467.0,154.0
471.0,156.0,497.0,156.0,497.0,233.0,471.0,233.0
469.0,247.0,500.0,247.0,500.0,158.0,469.0,158.0
468.0,248.0,497.0,248.0,497.0,159.0,468.0,159.0
469.0,248.0,502.0,248.0,502.0,160.0,469.0,160.0
468.0,240.0,504.0,240.0,504.0,162.0,468.0,162.0
471.0,241.0,495.0,241.0,495.0,160.0,471.0,160.0
471.0,246.0,503.0,246.0,503.0,159.0,471.0,159.0
468.0,162.0,490.0,162.0,490.0,239.0,468.0,239.0
464.0,164.0,490.0,164.0,490.0,238.0,464.0,238.0
461.0,244.0,490.0,244.0,490.0,163.0,461.0,163.0
463.0,163.0,486.0,163.0,486.0,237.0,463.0,237.0
457.0,163.0,482.0,163.0,482.0,238.0,457.0,238.0
456.0,252.0,483.0,252.0,483.0,164.0,456.0,164.0
454.0,250.0,480.0,250.0,480.0,163.0,454.0,163.0
455.0,163.0,482.0,163.0,482.0,238.0,455.0,238.0
452.0,239.0,488.0,239.0,488.0,163.0,452.0,163.0
453.0,238.0,491.0,238.0,491.0,160.0,453.0,160.0
457.0,243.0,489.0,243.0,489.0,161.0,457.0,161.0
456.0,245.0,482.0,245.0,482.0,159.0,456.0,159.0
453.0,238.0,480.0,238.0,480.0,159.0,453.0,159.0
455.0,235.0,483.0,235.0,483.0,158.0,455.0,158.0
455.0,231.0,488.0,231.0,488.0,157.0,455.0,157.0
457.0,234.0,491.0,234.0,491.0,157.0,457.0,157.0
456.0,236.0,486.0,236.0,486.0,155.0,456.0,155.0
452.0,236.0,482.0,236.0,482.0,153.0,452.0,153.0
452.0,154.0,480.0,154.0,480.0,222.0,452.0,222.0
451.0,155.0,478.0,155.0,478.0,222.0,451.0,222.0
450.0,229.0,483.0,229.0,483.0,154.0,450.0,154.0
448.0,231.0,485.0,231.0,485.0,153.0,448.0,153.0
450.0,153.0,476.0,153.0,476.0,229.0,450.0,229.0
452.0,155.0,475.0,155.0,475.0,230.0,452.0,230.0
451.0,153.0,478.0,153.0,478.0,226.0,451.0,226.0
449.0,228.0,483.0,228.0,483.0,151.0,449.0,151.0
451.0,228.0,488.0,228.0,488.0,149.0,451.0,149.0
449.0,229.0,478.0,229.0,478.0,150.0,449.0,150.0
450.0,233.0,478.0,233.0,478.0,152.0,450.0,152.0
450.0,234.0,474.0,234.0,474.0,150.0,450.0,150.0
451.0,150.0,476.0,150.0,476.0,222.0,451.0,222.0
451.0,149.0,478.0,149.0,478.0,221.0,451.0,221.0
449.0,223.0,483.0,223.0,483.0,149.0,449.0,149.0
450.0,228.0,481.0,228.0,481.0,149.0,450.0,149.0
449.0,230.0,477.0,230.0,477.0,148.0,449.0,148.0
449.0,229.0,480.0,229.0,480.0,148.0,449.0,148.0
453.0,148.0,483.0,148.0,483.0,219.0,453.0,219.0
452.0,217.0,489.0,217.0,489.0,145.0,452.0,145.0
452.0,218.0,484.0,218.0,484.0,145.0,452.0,145.0
451.0,221.0,487.0,221.0,487.0,143.0,451.0,143.0
454.0,227.0,488.0,227.0,488.0,143.0,454.0,143.0
454.0,227.0,483.0,227.0,483.0,144.0,454.0,144.0
454.0,223.0,489.0,223.0,489.0,141.0,454.0,141.0
464.0,141.0,491.0,141.0,491.0,210.0,464.0,210.0
465.0,214.0,503.0,214.0,503.0,139.0,465.0,139.0
472.0,217.0,505.0,217.0,505.0,139.0,472.0,139.0
473.0,221.0,507.0,221.0,507.0,139.0,473.0,139.0
481.0,218.0,512.0,218.0,512.0,139.0,481.0,139.0
496.0,134.0,524.0,134.0,524.0,204.0,496.0,204.0
502.0,206.0,537.0,206.0,537.0,134.0,502.0,134.0
508.0,129.0,534.0,129.0,534.0,201.0,508.0,201.0
515.0,130.0,541.0,130.0,541.0,200.0,515.0,200.0
521.0,210.0,548.0,210.0,548.0,129.0,521.0,129.0
524.0,209.0,554.0,209.0,554.0,125.0,524.0,125.0
525.0,208.0,558.0,208.0,558.0,127.0,525.0,127.0
532.0,198.0,562.0,198.0,562.0,123.0,532.0,123.0
533.0,196.0,569.0,196.0,569.0,122.0,533.0,122.0
534.0,200.0,567.0,200.0,567.0,120.0,534.0,120.0
536.0,201.0,567.0,201.0,567.0,121.0,536.0,121.0
529.0,198.0,565.0,198.0,565.0,120.0,529.0,120.0
538.0,121.0,563.0,121.0,563.0,184.0,538.0,184.0
533.0,188.0,569.0,188.0,569.0,116.0,533.0,116.0
532.0,193.0,568.0,193.0,568.0,117.0,532.0,117.0
532.0,195.0,565.0,195.0,565.0,118.0,532.0,118.0
529.0,199.0,556.0,199.0,556.0,120.0,529.0,120.0
524.0,199.0,549.0,199.0,549.0,119.0,524.0,119.0
518.0,198.0,549.0,198.0,549.0,117.0,518.0,117.0
522.0,187.0,551.0,187.0,551.0,118.0,522.0,118.0
522.0,189.0,554.0,189.0,554.0,120.0,522.0,120.0
519.0,193.0,548.0,193.0,548.0,119.0,519.0,119.0
516.0,197.0,543.0,197.0,543.0,119.0,516.0,119.0
513.0,118.0,538.0,118.0,538.0,181.0,513.0,181.0
512.0,182.0,543.0,182.0,543.0,115.0,512.0,115.0
510.0,182.0,543.0,182.0,543.0,116.0,510.0,116.0
508.0,183.0,540.0,183.0,540.0,113.0,508.0,113.0
507.0,188.0,532.0,188.0,532.0,112.0,507.0,112.0
500.0,188.0,525.0,188.0,525.0,111.0,500.0,111.0
499.0,186.0,527.0,186.0,527.0,110.0,499.0,110.0
497.0,171.0,524.0,171.0,524.0,109.0,497.0,109.0
495.0,170.0,523.0,170.0,523.0,105.0,495.0,105.0
493.0,171.0,524.0,171.0,524.0,103.0,493.0,103.0
492.0,174.0,518.0,174.0,518.0,101.0,492.0,101.0
487.0,169.0,518.0,169.0,518.0,99.0,487.0,99.0
487.0,170.0,515.0,170.0,515.0,97.0,487.0,97.0
489.0,159.0,517.0,159.0,517.0,94.0,489.0,94.0
489.0,157.0,521.0,157.0,521.0,89.0,489.0,89.0
488.0,155.0,520.0,155.0,520.0,91.0,488.0,91.0
488.0,161.0,514.0,161.0,514.0,92.0,488.0,92.0
488.0,164.0,511.0,164.0,511.0,92.0,488.0,92.0
487.0,166.0,514.0,166.0,514.0,89.0,487.0,89.0
489.0,88.0,510.0,88.0,510.0,149.0,489.0,149.0
490.0,88.0,511.0,88.0,511.0,148.0,490.0,148.0
488.0,152.0,519.0,152.0,519.0,89.0,488.0,89.0
490.0,152.0,519.0,152.0,519.0,87.0,490.0,87.0
491.0,161.0,516.0,161.0,516.0,87.0,491.0,87.0
493.0,161.0,518.0,161.0,518.0,86.0,493.0,86.0
493.0,158.0,520.0,158.0,520.0,85.0,493.0,85.0
496.0,85.0,518.0,85.0,518.0,145.0,496.0,145.0
494.0,146.0,527.0,146.0,527.0,82.0,494.0,82.0
496.0,150.0,529.0,150.0,529.0,80.0,496.0,80.0
494.0,152.0,529.0,152.0,529.0,80.0,494.0,80.0
495.0,158.0,522.0,158.0,522.0,83.0,495.0,83.0
493.0,160.0,518.0,160.0,518.0,82.0,493.0,82.0
492.0,158.0,519.0,158.0,519.0,82.0,492.0,82.0
490.0,83.0,515.0,83.0,515.0,145.0,490.0,145.0
488.0,152.0,519.0,152.0,519.0,82.0,488.0,82.0
483.0,154.0,517.0,154.0,517.0,83.0,483.0,83.0
486.0,87.0,510.0,87.0,510.0,154.0,486.0,154.0
483.0,162.0,508.0,162.0,508.0,85.0,483.0,85.0
480.0,158.0,506.0,158.0,506.0,85.0,480.0,85.0
479.0,82.0,504.0,82.0,504.0,148.0,479.0,148.0
471.0,149.0,500.0,149.0,500.0,84.0,471.0,84.0
464.0,152.0,495.0,152.0,495.0,84.0,464.0,84.0
463.0,155.0,494.0,155.0,494.0,87.0,463.0,87.0
460.0,160.0,487.0,160.0,487.0,89.0,460.0,89.0
454.0,164.0,481.0,164.0,481.0,90.0,454.0,90.0
449.0,162.0,475.0,162.0,475.0,92.0,449.0,92.0
442.0,157.0,474.0,157.0,474.0,90.0,442.0,90.0
442.0,160.0,471.0,160.0,471.0,93.0,442.0,93.0
438.0,161.0,470.0,161.0,470.0,94.0,438.0,94.0
439.0,163.0,468.0,163.0,468.0,95.0,439.0,95.0
438.0,163.0,463.0,163.0,463.0,95.0,438.0,95.0
437.0,165.0,463.0,165.0,463.0,95.0,437.0,95.0
435.0,161.0,462.0,161.0,462.0,94.0,435.0,94.0
433.0,95.0,460.0,95.0,460.0,155.0,433.0,155.0
431.0,95.0,458.0,95.0,458.0,152.0,431.0,152.0
434.0,96.0,456.0,96.0,456.0,153.0,434.0,153.0
431.0,165.0,462.0,165.0,462.0,95.0,431.0,95.0
427.0,167.0,457.0,167.0,457.0,96.0,427.0,96.0
428.0,165.0,454.0,165.0,454.0,95.0,428.0,95.0
426.0,162.0,454.0,162.0,454.0,94.0,426.0,94.0
428.0,158.0,456.0,158.0,456.0,97.0,428.0,97.0
426.0,161.0,455.0,161.0,455.0,97.0,426.0,97.0
425.0,165.0,455.0,165.0,455.0,97.0,425.0,97.0
427.0,163.0,453.0,163.0,453.0,94.0,427.0,94.0
425.0,158.0,453.0,158.0,453.0,93.0,425.0,93.0
425.0,155.0,449.0,155.0,449.0,93.0,425.0,93.0
426.0,94.0,447.0,94.0,447.0,148.0,426.0,148.0
422.0,160.0,448.0,160.0,448.0,96.0,422.0,96.0
420.0,161.0,444.0,161.0,444.0,95.0,420.0,95.0
416.0,93.0,440.0,93.0,440.0,151.0,416.0,151.0
413.0,153.0,436.0,153.0,436.0,93.0,413.0,93.0
410.0,154.0,438.0,154.0,438.0,94.0,410.0,94.0
410.0,159.0,437.0,159.0,437.0,97.0,410.0,97.0
410.0,160.0,436.0,160.0,436.0,97.0,410.0,97.0
410.0,160.0,433.0,160.0,433.0,95.0,410.0,95.0
408.0,158.0,431.0,158.0,431.0,93.0,408.0,93.0
404.0,152.0,426.0,152.0,426.0,92.0,404.0,92.0
404.0,94.0,422.0,94.0,422.0,152.0,404.0,152.0
398.0,160.0,423.0,160.0,423.0,96.0,398.0,96.0
397.0,94.0,419.0,94.0,419.0,153.0,397.0,153.0
394.0,154.0,419.0,154.0,419.0,92.0,394.0,92.0
392.0,151.0,415.0,151.0,415.0,94.0,392.0,94.0
386.0,154.0,411.0,154.0,411.0,96.0,386.0,96.0
380.0,154.0,404.0,154.0,404.0,93.0,380.0,93.0
376.0,157.0,401.0,157.0,401.0,94.0,376.0,94.0
373.0,153.0,396.0,153.0,396.0,94.0,373.0,94.0
372.0,152.0,399.0,152.0,399.0,94.0,372.0,94.0
372.0,152.0,396.0,152.0,396.0,94.0,372.0,94.0
