-100 -100
-100 -100
-100 -100
-100 -100
-100 -100
-100 -100
-100 -100
-100 -100
-100 -100
-100 -100
-100 -100
-100 -100
-100 -100
-100 -100
-100 -100
-100 -100
-100 -100
-100 -100
-100 -100
-100 -100
-100 -100
-100 -100
-100 -100
-100 -100
-100 -100
-100 -100
-100 -100
-100 -100
-100 -100
-100 -100
-100 -100
-100 -100
-100 -100
-100 -100
-100 -100
-100 -100
-100 -100
-100 -100
-100 -100
-100 -100
-100 -100
-100 -100
-100 -100
-100 -100
-100 -100
-100 -100
-100 -100
-100 -100
-100 -100
-100 -100
-100 -100
-100 -100
-100 -100
-100 -100
-100 -100
-100 -100
-100 -100
-100 -100
-100 -100
-100 -100
-100 -100
-100 -100
-100 -100
-100 -100
-100 -100
-100 -100
-100 -100
-100 -100
-100 -100
-100 -100
-100 -100
-100 -100
-100 -100
-100 -100
-100 -100
-100 -100
-100 -100
-100 -100
-100 -100
-100 -100
-100 -100
-100 -100
-100 -100
-100 -100
-100 -100
-100 -100
-100 -100
-100 -100
-100 -100
-100 -100
-100 -100
-100 -100
-100 -100
-100 -100
-100 -100
-100 -100
-100 -100
-100 -100
-100 -100
-100 -100
-100 -100
403 43
401 42
-100 -100
-100 -100
-100 -100
-100 -100
385 52
-100 -100
-100 -100
377 58
376 55
374 55
370 56
369 59
369 55
367 60
362 60
359 61
354 64
353 66
352 66
349 67
347 67
343 70
343 68
341 72
340 72
338 73
337 70
337 72
336 72
332 73
333 73
330 75
326 75
322 75
319 76
320 77
318 76
313 77
310 79
307 79
307 80
304 82
301 82
298 82
297 84
296 84
294 84
290 86
289 86
286 86
284 86
282 87
279 88
277 89
276 90
274 90
272 90
269 90
268 91
265 92
263 93
262 91
258 93
258 94
255 95
253 96
252 96
250 96
247 97
246 98
242 97
241 97
239 99
236 100
232 101
233 100
231 100
228 102
225 101
224 103
221 103
220 101
219 104
219 104
215 103
214 103
212 103
210 102
207 105
207 104
204 106
202 106
197 107
197 108
194 108
192 107
191 106
189 108
189 106
186 108
184 107
184 110
181 109
181 109
180 111
178 109
176 111
176 111
175 111
172 112
173 112
172 113
171 112
168 111
168 112
169 110
167 112
163 113
165 113
161 114
163 113
160 112
159 111
156 113
160 111
158 112
159 113
158 111
158 112
155 113
158 113
157 112
156 112
157 113
155 115
157 113
157 113
157 112
157 112
157 112
157 110
157 113
157 112
154 112
157 112
157 112
154 111
154 112
157 112
157 111
157 111
157 112
154 114
157 112
157 111
157 112
157 111
154 111
154 112
155 112
157 112
158 112
154 111
157 111
158 112
158 111
157 112
154 112
154 112
157 112
157 111
157 111
156 112
157 112
155 132
157 112
157 112
158 111
158 112
157 112
158 111
159 111
148 106
147 105
148 106
158 112
159 113
147 106
158 112
158 111
158 113
148 106
159 112
158 113
156 114
159 112
158 113
156 114
158 113
156 115
159 113
159 113
159 113
158 113
158 113
158 111
157 114
158 114
160 113
159 113
158 113
158 113
157 112
158 115
160 114
160 114
158 114
159 114
158 115
160 114
159 114
159 114
158 114
160 114
159 114
157 114
158 113
157 114
160 114
157 114
159 112
160 114
161 115
158 115
160 114
161 113
157 113
159 113
157 114
160 114
159 115
160 115
160 112
160 114
160 114
160 113
160 114
160 115
160 115
155 116
159 115
160 114
159 114
160 115
159 114
160 115
158 115
159 115
159 114
159 114
160 112
159 112
159 112
159 112
159 114
149 106
159 113
159 112
160 113
160 113
160 113
160 113
158 113
159 112
160 113
160 112
159 113
158 113
159 113
158 113
158 112
158 113
159 112
158 113
158 113
157 113
154 113
155 113
156 113
157 114
156 114
157 114
154 114
155 115
156 115
146 110
155 114
152 116
